Stratified shuffeled 5 fold cross validation
result of first fold
Tree with  max_features=None and no of tress 50


ExtraTreesClassifier(bootstrap=False, class_weight='auto', criterion='gini',
           max_depth=None, max_features=None, max_leaf_nodes=None,
           min_samples_leaf=1, min_samples_split=2,
           min_weight_fraction_leaf=0.0, n_estimators=50, n_jobs=-2,
           oob_score=False, random_state=None, verbose=3, warm_start=False)

For 1 fold the results are as follows:
             precision    recall  f1-score   support

        0.0       0.83      0.50      0.62        30
        1.0       0.89      0.95      0.92        43
        2.0       1.00      0.83      0.90        23
        3.0       0.81      0.85      0.83        40
        4.0       0.43      0.34      0.38        29
        5.0       0.63      0.85      0.73        47
        6.0       0.58      0.64      0.61        22
        7.0       0.77      0.71      0.74        24
        8.0       0.93      0.93      0.93        27
        9.0       0.58      0.65      0.61        23
       10.0       0.52      0.54      0.53        24
       11.0       0.95      0.86      0.90        21
       12.0       0.59      0.81      0.68        36
       13.0       0.93      0.87      0.90        30
       14.0       0.62      0.75      0.68        24
       15.0       0.36      0.50      0.42        26
       16.0       0.69      0.78      0.73        23
       17.0       0.65      0.68      0.67        25
       18.0       0.83      0.73      0.78        26
       19.0       0.71      0.88      0.79        65
       20.0       0.81      0.61      0.69        28
       21.0       0.86      0.83      0.84        29
       22.0       0.64      0.78      0.71        23
       23.0       0.83      0.73      0.77        33
       24.0       0.95      0.91      0.93        22
       25.0       0.86      0.86      0.86        29
       26.0       0.86      0.96      0.91        25
       27.0       0.64      0.67      0.65        27
       28.0       0.68      0.62      0.65        21
       29.0       0.69      0.78      0.73        23
       30.0       0.68      0.68      0.68        22
       31.0       0.52      0.50      0.51        24
       32.0       0.73      0.86      0.79        22
       33.0       0.75      0.48      0.59        25
       34.0       0.52      0.52      0.52        29
       35.0       0.76      0.59      0.67        27
       36.0       0.86      0.83      0.85        36
       37.0       0.95      0.95      0.95        21
       38.0       0.76      0.73      0.75        26
       39.0       0.81      0.86      0.83        29
       40.0       0.41      0.28      0.33        25
       41.0       0.65      0.65      0.65        23
       42.0       0.65      0.56      0.60        36
       43.0       0.73      0.85      0.79        26
       44.0       0.79      1.00      0.88        15
       45.0       0.83      0.81      0.82        31
       46.0       0.58      0.54      0.56        28
       47.0       0.89      0.89      0.89        28
       48.0       0.70      0.67      0.68        24
       49.0       0.67      0.26      0.38        23
       50.0       0.90      0.87      0.88        52
       51.0       0.88      0.88      0.88        26
       52.0       0.95      0.88      0.91        24
       53.0       0.88      0.72      0.79        29
       54.0       0.89      0.74      0.81        23
       55.0       0.92      0.86      0.89        28
       56.0       0.83      0.67      0.74        15
       57.0       1.00      0.96      0.98        25
       58.0       1.00      0.74      0.85        23
       59.0       0.93      0.81      0.86        31
       60.0       0.91      0.88      0.89        24
       61.0       0.53      0.50      0.51        20
       62.0       0.58      0.65      0.61        34
       63.0       0.75      0.65      0.70        23
       64.0       0.71      0.65      0.68        26
       65.0       0.89      0.89      0.89        19
       66.0       0.72      0.78      0.75        36
       67.0       0.71      0.91      0.80       200
       68.0       0.70      0.64      0.67        25
       69.0       0.82      0.69      0.75        26
       70.0       0.54      0.67      0.59        33
       71.0       0.77      0.74      0.76        23
       72.0       0.72      0.64      0.68        28
       73.0       0.62      0.45      0.53        22
       74.0       0.88      0.85      0.86        26
       75.0       0.86      0.83      0.84        23
       76.0       0.85      0.68      0.76        25
       77.0       0.83      0.60      0.70        25
       78.0       0.70      0.76      0.73        25
       79.0       0.78      0.52      0.62        27
       80.0       0.59      0.70      0.64        27
       81.0       0.81      0.92      0.86        24
       82.0       0.95      0.88      0.91        24
       83.0       0.81      0.84      0.83        31
       84.0       0.85      0.96      0.90        23
       85.0       0.66      0.76      0.70        25
       86.0       0.42      0.48      0.45        23
       87.0       0.88      0.92      0.90        25
       88.0       0.48      0.44      0.46        27
       89.0       0.76      0.82      0.79        45
       90.0       0.64      0.72      0.68        25
       91.0       0.70      0.81      0.75        32
       92.0       0.97      0.91      0.94        34
       93.0       0.57      0.57      0.57        30
       94.0       0.79      0.86      0.83        36
       95.0       0.96      0.86      0.91        28
       96.0       0.61      0.48      0.54        23
       97.0       0.85      0.77      0.81        22
       98.0       0.45      0.21      0.29        24
       99.0       0.93      0.59      0.72        22

avg / total       0.75      0.74      0.74      2904



second fold

[Parallel(n_jobs=-2)]: Done  50 out of  50 | elapsed:  4.1min finished
ExtraTreesClassifier(bootstrap=False, class_weight='auto', criterion='gini',
           max_depth=None, max_features=None, max_leaf_nodes=None,
           min_samples_leaf=1, min_samples_split=2,
           min_weight_fraction_leaf=0.0, n_estimators=50, n_jobs=-2,
           oob_score=False, random_state=None, verbose=3, warm_start=False)
[Parallel(n_jobs=7)]: Done   1 out of  50 | elapsed:    0.0s remaining:    1.0s
[Parallel(n_jobs=7)]: Done  18 out of  50 | elapsed:    0.1s remaining:    0.1s
[Parallel(n_jobs=7)]: Done  35 out of  50 | elapsed:    0.1s remaining:    0.0s
[Parallel(n_jobs=7)]: Done  50 out of  50 | elapsed:    0.2s finished
For 2 fold the results are as follows:
             precision    recall  f1-score   support

        0.0       0.71      0.67      0.69        30
        1.0       0.84      0.74      0.78        42
        2.0       1.00      0.83      0.90        23
        3.0       0.94      0.80      0.86        40
        4.0       0.25      0.21      0.23        29
        5.0       0.61      0.83      0.70        46
        6.0       0.67      0.64      0.65        22
        7.0       0.79      0.79      0.79        24
        8.0       1.00      1.00      1.00        27
        9.0       0.94      0.70      0.80        23
       10.0       0.65      0.57      0.60        23
       11.0       0.74      0.81      0.77        21
       12.0       0.58      0.89      0.70        36
       13.0       0.93      0.83      0.88        30
       14.0       0.79      0.96      0.87        24
       15.0       0.45      0.65      0.53        26
       16.0       0.67      0.78      0.72        23
       17.0       0.41      0.52      0.46        25
       18.0       0.68      0.84      0.75        25
       19.0       0.77      0.89      0.83        65
       20.0       0.68      0.68      0.68        28
       21.0       0.88      0.79      0.83        28
       22.0       0.53      0.77      0.63        22
       23.0       0.93      0.88      0.90        32
       24.0       1.00      0.86      0.92        21
       25.0       0.80      0.69      0.74        29
       26.0       0.74      0.80      0.77        25
       27.0       0.61      0.65      0.63        26
       28.0       0.59      0.62      0.60        21
       29.0       0.91      0.91      0.91        23
       30.0       0.67      0.55      0.60        22
       31.0       0.65      0.46      0.54        24
       32.0       0.52      0.59      0.55        22
       33.0       0.46      0.48      0.47        25
       34.0       0.48      0.46      0.47        28
       35.0       0.56      0.56      0.56        27
       36.0       0.97      0.78      0.86        36
       37.0       0.91      0.95      0.93        21
       38.0       0.73      0.62      0.67        26
       39.0       0.81      0.86      0.83        29
       40.0       0.44      0.29      0.35        24
       41.0       0.70      0.70      0.70        23
       42.0       0.72      0.78      0.75        36
       43.0       0.76      0.73      0.75        26
       44.0       0.93      0.93      0.93        14
       45.0       0.81      0.68      0.74        31
       46.0       0.50      0.43      0.46        28
       47.0       0.78      0.89      0.83        28
       48.0       0.70      0.79      0.75        24
       49.0       0.64      0.39      0.49        23
       50.0       0.84      0.79      0.81        52
       51.0       0.81      0.85      0.83        26
       52.0       0.96      0.96      0.96        24
       53.0       0.76      0.86      0.81        29
       54.0       0.74      0.74      0.74        23
       55.0       0.96      0.93      0.95        28
       56.0       0.69      0.79      0.73        14
       57.0       0.95      0.80      0.87        25
       58.0       0.91      0.91      0.91        22
       59.0       0.74      0.81      0.77        31
       60.0       0.83      0.83      0.83        24
       61.0       0.71      0.60      0.65        20
       62.0       0.58      0.58      0.58        33
       63.0       0.52      0.65      0.58        23
       64.0       0.73      0.62      0.67        26
       65.0       1.00      0.84      0.91        19
       66.0       0.67      0.72      0.69        36
       67.0       0.71      0.96      0.82       200
       68.0       0.54      0.52      0.53        25
       69.0       0.56      0.40      0.47        25
       70.0       0.86      0.73      0.79        33
       71.0       0.86      0.83      0.84        23
       72.0       0.64      0.52      0.57        27
       73.0       0.80      0.55      0.65        22
       74.0       0.96      0.88      0.92        25
       75.0       0.95      0.83      0.88        23
       76.0       0.83      0.79      0.81        24
       77.0       0.67      0.56      0.61        25
       78.0       0.90      0.72      0.80        25
       79.0       0.83      0.74      0.78        27
       80.0       0.64      0.62      0.63        26
       81.0       0.79      0.79      0.79        24
       82.0       1.00      0.88      0.93        24
       83.0       0.88      0.90      0.89        31
       84.0       0.77      0.74      0.76        23
       85.0       0.68      0.60      0.64        25
       86.0       0.60      0.39      0.47        23
       87.0       0.88      0.88      0.88        25
       88.0       0.48      0.41      0.44        27
       89.0       0.68      0.89      0.77        45
       90.0       0.75      0.48      0.59        25
       91.0       0.72      0.72      0.72        32
       92.0       0.87      0.76      0.81        34
       93.0       0.71      0.57      0.63        30
       94.0       0.69      0.81      0.74        36
       95.0       0.86      0.89      0.88        28
       96.0       0.75      0.52      0.62        23
       97.0       0.90      0.82      0.86        22
       98.0       0.43      0.12      0.19        24
       99.0       0.76      0.73      0.74        22

avg / total       0.74      0.73      0.73      2884





third


[Parallel(n_jobs=-2)]: Done  50 out of  50 | elapsed:  4.1min finished
ExtraTreesClassifier(bootstrap=False, class_weight='auto', criterion='gini',
           max_depth=None, max_features=None, max_leaf_nodes=None,
           min_samples_leaf=1, min_samples_split=2,
           min_weight_fraction_leaf=0.0, n_estimators=50, n_jobs=-2,
           oob_score=False, random_state=None, verbose=3, warm_start=False)
[Parallel(n_jobs=7)]: Done   1 out of  50 | elapsed:    0.0s remaining:    0.9s
[Parallel(n_jobs=7)]: Done  18 out of  50 | elapsed:    0.1s remaining:    0.1s
[Parallel(n_jobs=7)]: Done  35 out of  50 | elapsed:    0.1s remaining:    0.0s
[Parallel(n_jobs=7)]: Done  50 out of  50 | elapsed:    0.1s finished
For 3 fold the results are as follows:
             precision    recall  f1-score   support

        0.0       0.64      0.60      0.62        30
        1.0       0.69      0.83      0.75        42
        2.0       0.91      0.87      0.89        23
        3.0       0.94      0.75      0.83        40
        4.0       0.41      0.38      0.39        29
        5.0       0.71      0.76      0.74        46
        6.0       0.73      0.73      0.73        22
        7.0       0.67      0.67      0.67        24
        8.0       0.93      0.96      0.95        27
        9.0       0.62      0.59      0.60        22
       10.0       0.81      0.57      0.67        23
       11.0       0.90      0.90      0.90        21
       12.0       0.71      0.89      0.79        36
       13.0       0.83      0.83      0.83        30
       14.0       0.79      0.79      0.79        24
       15.0       0.54      0.85      0.66        26
       16.0       0.71      0.74      0.72        23
       17.0       0.44      0.68      0.53        25
       18.0       0.57      0.84      0.68        25
       19.0       0.70      0.86      0.77        64
       20.0       0.78      0.64      0.71        28
       21.0       0.69      0.71      0.70        28
       22.0       0.81      0.95      0.88        22
       23.0       0.97      0.91      0.94        32
       24.0       0.95      0.95      0.95        21
       25.0       0.73      0.76      0.75        29
       26.0       0.75      0.84      0.79        25
       27.0       0.48      0.50      0.49        26
       28.0       0.56      0.48      0.51        21
       29.0       0.82      0.78      0.80        23
       30.0       0.65      0.59      0.62        22
       31.0       0.53      0.38      0.44        24
       32.0       0.56      0.68      0.61        22
       33.0       0.42      0.40      0.41        25
       34.0       0.38      0.39      0.39        28
       35.0       0.59      0.63      0.61        27
       36.0       0.90      0.78      0.84        36
       37.0       1.00      0.85      0.92        20
       38.0       0.80      0.46      0.59        26
       39.0       0.83      0.69      0.75        29
       40.0       0.29      0.21      0.24        24
       41.0       0.64      0.61      0.62        23
       42.0       0.62      0.67      0.64        36
       43.0       1.00      0.77      0.87        26
       44.0       1.00      0.71      0.83        14
       45.0       0.74      0.65      0.69        31
       46.0       0.58      0.56      0.57        27
       47.0       0.87      0.93      0.90        28
       48.0       0.81      0.88      0.84        24
       49.0       0.53      0.35      0.42        23
       50.0       0.78      0.78      0.78        51
       51.0       0.74      0.80      0.77        25
       52.0       0.96      0.92      0.94        24
       53.0       0.85      0.79      0.82        29
       54.0       0.73      0.70      0.71        23
       55.0       0.90      0.96      0.93        27
       56.0       0.79      0.79      0.79        14
       57.0       0.88      0.92      0.90        25
       58.0       1.00      0.91      0.95        22
       59.0       0.79      0.84      0.81        31
       60.0       0.83      0.83      0.83        23
       61.0       0.67      0.60      0.63        20
       62.0       0.53      0.64      0.58        33
       63.0       0.58      0.61      0.60        23
       64.0       0.62      0.50      0.55        26
       65.0       0.85      0.89      0.87        19
       66.0       0.84      0.58      0.69        36
       67.0       0.65      0.89      0.75       200
       68.0       0.64      0.67      0.65        24
       69.0       0.68      0.60      0.64        25
       70.0       0.71      0.67      0.69        33
       71.0       0.80      0.70      0.74        23
       72.0       0.68      0.56      0.61        27
       73.0       0.64      0.41      0.50        22
       74.0       0.92      0.88      0.90        25
       75.0       0.94      0.77      0.85        22
       76.0       0.73      0.67      0.70        24
       77.0       0.70      0.67      0.68        24
       78.0       0.83      0.76      0.79        25
       79.0       0.78      0.69      0.73        26
       80.0       0.65      0.65      0.65        26
       81.0       0.73      0.70      0.71        23
       82.0       0.90      0.83      0.86        23
       83.0       1.00      1.00      1.00        31
       84.0       0.83      0.87      0.85        23
       85.0       0.85      0.71      0.77        24
       86.0       0.60      0.27      0.37        22
       87.0       0.96      0.92      0.94        25
       88.0       0.41      0.42      0.42        26
       89.0       0.86      0.80      0.83        45
       90.0       0.75      0.62      0.68        24
       91.0       0.59      0.62      0.61        32
       92.0       0.97      0.94      0.96        34
       93.0       0.56      0.63      0.59        30
       94.0       0.81      0.83      0.82        35
       95.0       0.96      0.79      0.86        28
       96.0       0.50      0.55      0.52        22
       97.0       0.81      0.81      0.81        21
       98.0       0.45      0.21      0.29        24
       99.0       0.68      0.59      0.63        22

avg / total       0.73      0.72      0.72      2863