0.000000 458
0.000000 516
0.000000 592
0.000000 637
0.000000 1254
0.000000 1797
0.000000 1912
0.000000 1948
0.000000 1971
0.000000 1980
0.000000 2012
0.000000 2042
0.000001 974
0.000002 1871
0.000007 1944
0.000008 1789
0.000008 1819
0.000008 1983
0.000008 768
0.000009 1700
0.000009 1920
0.000012 1908
0.000013 1088
0.000018 1976
0.000020 1712
0.000020 147
0.000022 1570
0.000022 1563
0.000034 787
0.000034 860
0.000035 2020
0.000035 1916
0.000037 1833
0.000040 792
0.000040 1541
0.000041 408
0.000044 572
0.000044 1123
0.000047 880
0.000047 1667
0.000048 1473
0.000049 1313
0.000049 779
0.000049 1682
0.000050 1240
0.000051 1827
0.000051 1788
0.000053 1436
0.000053 1486
0.000053 1554
0.000054 1286
0.000056 1202
0.000057 508
0.000059 1947
0.000061 1532
0.000061 1982
0.000061 1687
0.000061 436
0.000062 624
0.000064 1170
0.000064 804
0.000065 1762
0.000065 1928
0.000066 1647
0.000066 919
0.000067 1692
0.000068 998
0.000068 1926
0.000069 497
0.000070 500
0.000073 950
0.000074 1842
0.000075 1581
0.000076 995
0.000076 42
0.000076 1318
0.000078 1218
0.000079 791
0.000079 534
0.000080 1757
0.000081 1610
0.000082 1623
0.000083 1960
0.000083 1717
0.000087 1498
0.000089 1910
0.000090 2035
0.000091 58
0.000091 1458
0.000091 1891
0.000095 1209
0.000097 889
0.000097 1332
0.000098 1792
0.000099 18
0.000101 1315
0.000102 862
0.000103 782
0.000104 1865
0.000104 1175
0.000104 1800
0.000105 863
0.000105 1616
0.000106 551
0.000106 1511
0.000107 39
0.000108 1745
0.000108 416
0.000110 736
0.000110 1660
0.000113 1643
0.000114 2043
0.000114 1423
0.000115 1832
0.000115 1509
0.000117 1666
0.000117 712
0.000121 1111
0.000121 1574
0.000122 719
0.000123 111
0.000123 829
0.000125 1839
0.000125 1452
0.000125 1775
0.000127 1284
0.000129 1729
0.000129 765
0.000129 701
0.000130 1619
0.000130 771
0.000130 485
0.000130 851
0.000131 979
0.000132 212
0.000132 1997
0.000132 101
0.000132 1034
0.000133 1338
0.000135 1556
0.000137 661
0.000137 1826
0.000137 1799
0.000139 1015
0.000140 1504
0.000141 535
0.000141 1062
0.000141 1909
0.000142 1753
0.000142 431
0.000143 1602
0.000143 969
0.000143 1480
0.000143 657
0.000144 1996
0.000144 840
0.000144 1798
0.000146 1501
0.000146 1048
0.000147 548
0.000147 1063
0.000147 158
0.000148 405
0.000149 1868
0.000150 875
0.000151 1668
0.000151 1531
0.000151 649
0.000152 827
0.000153 1830
0.000154 12
0.000154 1979
0.000155 777
0.000155 1524
0.000155 1642
0.000156 2004
0.000157 68
0.000158 1440
0.000159 992
0.000159 954
0.000159 1767
0.000161 245
0.000161 938
0.000161 809
0.000162 509
0.000162 1761
0.000162 2029
0.000163 734
0.000163 1656
0.000163 479
0.000164 1984
0.000165 1884
0.000165 561
0.000165 968
0.000166 964
0.000166 1898
0.000166 355
0.000167 1042
0.000167 1834
0.000169 1907
0.000169 1978
0.000170 665
0.000170 1672
0.000171 1931
0.000171 163
0.000172 1004
0.000172 1782
0.000173 939
0.000173 293
0.000173 1027
0.000174 1632
0.000174 1958
0.000175 62
0.000176 907
0.000176 628
0.000176 2026
0.000176 1736
0.000177 704
0.000177 1331
0.000178 882
0.000178 320
0.000179 1705
0.000179 659
0.000180 1770
0.000181 1586
0.000181 576
0.000182 1166
0.000183 582
0.000183 1953
0.000183 232
0.000184 1564
0.000184 38
0.000184 1228
0.000185 832
0.000185 870
0.000185 2036
0.000185 2038
0.000186 1417
0.000187 650
0.000187 1406
0.000189 1011
0.000189 1428
0.000190 1617
0.000190 707
0.000190 1186
0.000191 1394
0.000191 1268
0.000192 695
0.000192 1449
0.000192 1028
0.000193 1044
0.000193 715
0.000193 1061
0.000193 625
0.000194 1702
0.000194 1001
0.000194 1704
0.000195 683
0.000195 1794
0.000195 1777
0.000195 1017
0.000195 1519
0.000196 1162
0.000196 80
0.000196 5
0.000197 1890
0.000198 1924
0.000198 170
0.000198 1939
0.000199 204
0.000199 1903
0.000200 915
0.000200 1537
0.000200 1304
0.000200 941
0.000200 1791
0.000201 729
0.000203 841
0.000203 1975
0.000203 1477
0.000204 663
0.000204 785
0.000204 1955
0.000204 1160
0.000205 835
0.000205 1181
0.000205 1003
0.000206 116
0.000207 1018
0.000207 1874
0.000207 1024
0.000207 89
0.000207 799
0.000207 928
0.000208 1344
0.000208 761
0.000208 1553
0.000208 1892
0.000208 1216
0.000209 960
0.000209 569
0.000209 1932
0.000209 1575
0.000210 149
0.000210 1568
0.000210 510
0.000210 1963
0.000211 1130
0.000211 444
0.000212 621
0.000212 227
0.000213 1601
0.000213 152
0.000214 492
0.000214 1974
0.000215 747
0.000215 1208
0.000216 1645
0.000216 529
0.000217 384
0.000217 503
0.000218 1993
0.000219 1364
0.000220 1490
0.000220 756
0.000220 922
0.000221 1861
0.000221 253
0.000222 544
0.000222 1942
0.000222 270
0.000222 1600
0.000223 1902
0.000223 1768
0.000223 1630
0.000224 1089
0.000224 519
0.000224 402
0.000225 36
0.000225 323
0.000225 1655
0.000225 1424
0.000226 850
0.000226 1661
0.000226 1014
0.000226 1149
0.000226 1319
0.000226 1499
0.000227 460
0.000227 2032
0.000228 424
0.000229 1090
0.000229 1701
0.000230 916
0.000230 1207
0.000230 1659
0.000231 672
0.000231 1693
0.000233 883
0.000233 583
0.000233 1760
0.000234 148
0.000234 1964
0.000234 593
0.000234 689
0.000234 72
0.000235 385
0.000235 1235
0.000235 958
0.000236 1466
0.000237 103
0.000237 1534
0.000237 1917
0.000237 1620
0.000237 1873
0.000237 742
0.000237 594
0.000238 433
0.000238 1641
0.000238 615
0.000239 1110
0.000239 400
0.000239 1922
0.000239 1750
0.000240 1723
0.000240 825
0.000240 1990
0.000241 802
0.000241 674
0.000242 676
0.000242 900
0.000244 554
0.000244 933
0.000244 1766
0.000244 935
0.000244 815
0.000245 994
0.000245 1023
0.000245 130
0.000245 965
0.000246 1852
0.000246 1122
0.000247 1744
0.000247 1137
0.000247 767
0.000248 109
0.000248 1555
0.000248 2031
0.000249 533
0.000249 430
0.000249 285
0.000249 1116
0.000250 1674
0.000250 168
0.000251 1282
0.000251 881
0.000252 1566
0.000252 1520
0.000252 172
0.000252 1244
0.000253 1411
0.000253 441
0.000253 752
0.000253 325
0.000253 1906
0.000253 1654
0.000253 1716
0.000254 1214
0.000254 1557
0.000255 570
0.000255 759
0.000256 1540
0.000256 763
0.000256 1860
0.000256 198
0.000257 1430
0.000257 499
0.000257 463
0.000257 1507
0.000259 182
0.000259 1075
0.000259 722
0.000259 1074
0.000259 952
0.000260 652
0.000261 784
0.000261 181
0.000262 983
0.000262 45
0.000262 1713
0.000263 1016
0.000263 1872
0.000263 1462
0.000263 604
0.000263 1855
0.000263 1150
0.000264 139
0.000264 864
0.000264 867
0.000264 1303
0.000264 524
0.000264 1552
0.000264 531
0.000265 1578
0.000265 1347
0.000266 2028
0.000266 1696
0.000266 1478
0.000266 1019
0.000267 633
0.000267 244
0.000267 837
0.000267 1104
0.000267 1533
0.000268 571
0.000268 1999
0.000268 1821
0.000269 1437
0.000269 1020
0.000269 1764
0.000270 842
0.000270 641
0.000270 1869
0.000271 1360
0.000271 2034
0.000271 1343
0.000271 948
0.000271 9
0.000272 1875
0.000272 1679
0.000272 675
0.000273 1551
0.000273 1836
0.000273 1962
0.000274 1475
0.000274 82
0.000274 901
0.000276 1751
0.000276 1607
0.000277 721
0.000277 758
0.000277 1080
0.000278 1482
0.000279 1714
0.000279 1735
0.000279 1385
0.000279 69
0.000279 73
0.000280 1139
0.000280 997
0.000280 977
0.000280 868
0.000280 106
0.000280 525
0.000281 1915
0.000281 1453
0.000281 211
0.000281 1426
0.000281 392
0.000282 1013
0.000282 176
0.000283 1238
0.000283 468
0.000283 1008
0.000283 1253
0.000283 831
0.000283 1125
0.000284 1810
0.000284 1095
0.000284 1686
0.000284 1649
0.000284 1087
0.000284 1814
0.000285 1055
0.000285 796
0.000286 836
0.000286 1070
0.000286 871
0.000286 1508
0.000286 44
0.000286 961
0.000287 826
0.000287 622
0.000287 1879
0.000287 985
0.000288 328
0.000288 1236
0.000288 1847
0.000289 2030
0.000289 1579
0.000289 934
0.000289 1047
0.000290 1136
0.000290 1740
0.000290 1390
0.000291 1998
0.000291 1108
0.000291 1784
0.000291 996
0.000291 775
0.000291 1961
0.000292 1715
0.000292 502
0.000293 449
0.000293 218
0.000294 1547
0.000294 366
0.000294 1876
0.000294 284
0.000295 30
0.000295 32
0.000295 595
0.000295 455
0.000296 547
0.000296 697
0.000296 1213
0.000296 192
0.000296 820
0.000296 1805
0.000296 1549
0.000296 1853
0.000296 1487
0.000296 1662
0.000297 1289
0.000297 61
0.000297 1339
0.000297 153
0.000298 1333
0.000298 70
0.000298 335
0.000298 353
0.000298 66
0.000298 1036
0.000299 699
0.000299 487
0.000299 1609
0.000299 193
0.000299 1527
0.000300 1765
0.000300 215
0.000300 803
0.000300 528
0.000301 435
0.000301 1190
0.000301 887
0.000301 2021
0.000301 1472
0.000301 2017
0.000301 1778
0.000301 1270
0.000302 364
0.000302 1079
0.000302 564
0.000303 472
0.000303 4
0.000303 1376
0.000304 936
0.000304 1121
0.000304 905
0.000304 2007
0.000304 363
0.000304 1305
0.000304 1502
0.000304 914
0.000305 895
0.000305 1779
0.000305 1451
0.000305 350
0.000305 899
0.000305 251
0.000305 420
0.000305 587
0.000305 248
0.000305 1485
0.000306 517
0.000307 1825
0.000307 1843
0.000307 830
0.000307 1851
0.000307 1711
0.000307 1516
0.000308 476
0.000308 885
0.000308 1634
0.000308 557
0.000308 1258
0.000309 445
0.000309 613
0.000309 1849
0.000310 930
0.000310 1673
0.000311 754
0.000311 1621
0.000311 279
0.000311 924
0.000311 1530
0.000312 216
0.000312 1359
0.000312 1635
0.000312 878
0.000312 591
0.000312 2011
0.000313 1786
0.000313 601
0.000314 1276
0.000314 443
0.000314 789
0.000314 1468
0.000314 1302
0.000314 1065
0.000315 1562
0.000315 1829
0.000316 1348
0.000317 608
0.000317 953
0.000317 1911
0.000318 2001
0.000318 931
0.000319 798
0.000319 1476
0.000319 793
0.000319 1094
0.000319 1927
0.000319 347
0.000320 1838
0.000321 486
0.000321 324
0.000321 1923
0.000321 140
0.000321 743
0.000322 788
0.000322 386
0.000322 2005
0.000322 1273
0.000322 1198
0.000322 1479
0.000323 496
0.000323 824
0.000323 943
0.000324 273
0.000324 428
0.000324 119
0.000325 456
0.000325 1801
0.000325 1831
0.000325 409
0.000326 507
0.000326 432
0.000326 520
0.000326 1841
0.000327 190
0.000328 1277
0.000329 877
0.000329 1000
0.000329 1232
0.000330 226
0.000330 84
0.000330 1703
0.000330 1867
0.000330 1614
0.000331 666
0.000331 975
0.000331 737
0.000332 912
0.000332 390
0.000332 126
0.000332 911
0.000332 1675
0.000333 1769
0.000333 180
0.000333 1559
0.000333 1361
0.000333 349
0.000333 634
0.000334 76
0.000334 1754
0.000335 333
0.000336 1459
0.000336 549
0.000336 1719
0.000336 184
0.000338 1652
0.000338 605
0.000338 972
0.000338 849
0.000339 855
0.000339 526
0.000339 769
0.000339 1615
0.000340 1272
0.000340 1316
0.000340 483
0.000340 710
0.000340 160
0.000341 1292
0.000341 843
0.000341 755
0.000341 481
0.000341 1625
0.000342 1680
0.000342 1945
0.000342 2014
0.000342 599
0.000342 602
0.000342 988
0.000343 949
0.000343 947
0.000343 1613
0.000343 35
0.000344 1372
0.000344 1771
0.000344 1287
0.000344 1897
0.000344 1505
0.000345 1529
0.000345 913
0.000345 1248
0.000345 477
0.000346 1262
0.000346 75
0.000347 1443
0.000347 118
0.000347 370
0.000347 1988
0.000347 1076
0.000347 562
0.000347 1030
0.000348 50
0.000348 1159
0.000348 1631
0.000348 1071
0.000348 423
0.000349 1084
0.000349 123
0.000349 457
0.000349 233
0.000349 143
0.000351 161
0.000351 1461
0.000352 64
0.000353 1309
0.000353 452
0.000353 577
0.000353 187
0.000354 1899
0.000354 461
0.000354 92
0.000355 1804
0.000355 1689
0.000355 208
0.000355 1627
0.000355 861
0.000355 1525
0.000355 1068
0.000356 1493
0.000356 10
0.000356 1025
0.000356 1816
0.000356 122
0.000356 543
0.000356 6
0.000357 490
0.000357 1706
0.000357 651
0.000357 640
0.000357 352
0.000358 1812
0.000358 391
0.000358 1157
0.000359 1699
0.000359 1464
0.000359 926
0.000359 1730
0.000360 1140
0.000360 816
0.000360 1904
0.000360 1388
0.000360 462
0.000360 1605
0.000361 1401
0.000361 7
0.000361 1421
0.000361 440
0.000361 467
0.000361 1077
0.000361 1357
0.000362 1350
0.000362 976
0.000363 1407
0.000363 1340
0.000363 700
0.000363 288
0.000363 1448
0.000364 1858
0.000364 670
0.000364 946
0.000364 1093
0.000364 810
0.000364 563
0.000365 906
0.000365 1057
0.000365 334
0.000365 709
0.000365 1408
0.000365 478
0.000366 1637
0.000366 685
0.000366 1611
0.000366 1187
0.000367 1006
0.000367 1250
0.000367 40
0.000367 1422
0.000368 1264
0.000369 127
0.000369 945
0.000369 631
0.000369 1755
0.000369 1644
0.000369 31
0.000370 1314
0.000370 808
0.000370 376
0.000370 894
0.000371 866
0.000371 183
0.000372 95
0.000372 403
0.000372 757
0.000372 381
0.000372 1577
0.000373 1246
0.000373 884
0.000374 1224
0.000374 1731
0.000374 1492
0.000374 258
0.000374 494
0.000374 491
0.000374 669
0.000374 872
0.000375 343
0.000375 480
0.000376 241
0.000376 1883
0.000376 330
0.000377 726
0.000377 662
0.000377 162
0.000377 1415
0.000377 1846
0.000377 1151
0.000377 1506
0.000377 925
0.000377 2033
0.000378 1413
0.000378 2037
0.000378 144
0.000379 858
0.000379 1389
0.000379 550
0.000380 1185
0.000380 833
0.000380 623
0.000381 247
0.000381 1142
0.000381 773
0.000381 942
0.000381 1431
0.000381 1345
0.000381 1956
0.000382 438
0.000382 16
0.000383 1880
0.000384 171
0.000384 292
0.000384 781
0.000384 2018
0.000384 1091
0.000385 932
0.000385 495
0.000385 626
0.000385 680
0.000385 398
0.000386 2006
0.000386 1545
0.000388 724
0.000388 575
0.000388 1946
0.000388 437
0.000388 17
0.000388 818
0.000388 1938
0.000388 904
0.000388 51
0.000389 523
0.000389 14
0.000389 357
0.000390 1005
0.000390 210
0.000391 751
0.000392 230
0.000392 1598
0.000392 521
0.000392 1665
0.000393 1608
0.000393 733
0.000393 552
0.000393 1796
0.000393 725
0.000394 937
0.000394 682
0.000395 702
0.000395 1582
0.000395 844
0.000395 1862
0.000395 341
0.000396 1940
0.000397 1691
0.000397 234
0.000398 1465
0.000398 115
0.000398 718
0.000398 1742
0.000398 1225
0.000399 1382
0.000399 150
0.000399 514
0.000400 1896
0.000400 1179
0.000400 466
0.000401 920
0.000401 260
0.000401 1806
0.000401 107
0.000401 1383
0.000402 235
0.000402 814
0.000402 1548
0.000402 1483
0.000402 167
0.000402 1280
0.000402 1425
0.000402 1695
0.000402 125
0.000402 748
0.000403 963
0.000403 639
0.000403 1822
0.000403 501
0.000404 642
0.000404 897
0.000405 1455
0.000405 1355
0.000405 1694
0.000406 1058
0.000406 87
0.000406 178
0.000407 1489
0.000407 822
0.000407 1738
0.000408 1405
0.000408 813
0.000408 1351
0.000408 1060
0.000408 256
0.000409 243
0.000409 2003
0.000410 225
0.000410 1677
0.000410 108
0.000411 1051
0.000411 1491
0.000412 1972
0.000412 264
0.000412 1572
0.000412 145
0.000412 164
0.000412 574
0.000412 117
0.000412 1783
0.000413 138
0.000413 412
0.000414 1158
0.000414 678
0.000415 34
0.000415 110
0.000416 764
0.000416 47
0.000416 720
0.000416 1828
0.000416 1807
0.000416 1138
0.000416 1059
0.000417 1951
0.000417 88
0.000417 280
0.000417 1913
0.000418 573
0.000418 342
0.000418 1987
0.000419 206
0.000419 1823
0.000420 711
0.000420 1012
0.000420 1454
0.000420 252
0.000420 303
0.000421 422
0.000421 811
0.000421 1708
0.000421 1073
0.000422 237
0.000422 278
0.000422 25
0.000422 354
0.000423 955
0.000423 744
0.000423 404
0.000423 1369
0.000423 300
0.000424 1395
0.000424 741
0.000424 1785
0.000424 1624
0.000424 588
0.000425 1398
0.000425 246
0.000425 853
0.000427 202
0.000427 1648
0.000427 1584
0.000428 1054
0.000428 1669
0.000429 356
0.000429 1337
0.000429 1201
0.000430 537
0.000430 1573
0.000431 97
0.000431 394
0.000431 222
0.000432 473
0.000432 505
0.000432 446
0.000432 265
0.000433 339
0.000434 165
0.000434 1022
0.000434 2010
0.000435 845
0.000435 581
0.000435 984
0.000435 205
0.000436 1793
0.000437 344
0.000437 269
0.000437 1803
0.000437 415
0.000437 896
0.000437 716
0.000438 873
0.000439 159
0.000439 805
0.000439 104
0.000439 321
0.000440 191
0.000441 297
0.000442 1281
0.000442 1427
0.000443 286
0.000444 23
0.000444 693
0.000444 2025
0.000444 823
0.000445 973
0.000445 369
0.000445 991
0.000445 0
0.000445 1223
0.000445 1109
0.000446 993
0.000446 1726
0.000446 567
0.000446 1748
0.000446 987
0.000446 1518
0.000446 1045
0.000447 596
0.000447 1512
0.000447 453
0.000448 450
0.000448 1199
0.000448 266
0.000449 249
0.000449 1288
0.000450 96
0.000450 261
0.000450 1330
0.000452 1433
0.000452 1050
0.000452 1500
0.000453 1596
0.000453 668
0.000454 372
0.000454 1981
0.000454 262
0.000455 555
0.000455 250
0.000455 1176
0.000455 611
0.000455 1416
0.000456 134
0.000457 99
0.000457 1710
0.000458 627
0.000459 55
0.000460 464
0.000460 287
0.000460 956
0.000461 213
0.000461 397
0.000461 738
0.000461 806
0.000461 890
0.000461 1118
0.000461 1375
0.000461 1444
0.000462 267
0.000462 470
0.000464 739
0.000465 393
0.000465 504
0.000466 1026
0.000466 1418
0.000466 54
0.000466 1168
0.000466 888
0.000467 291
0.000467 1594
0.000468 540
0.000468 1211
0.000468 698
0.000468 276
0.000468 1397
0.000469 1943
0.000469 52
0.000470 705
0.000470 154
0.000470 1
0.000470 713
0.000471 142
0.000471 1550
0.000471 1172
0.000472 2013
0.000472 419
0.000472 819
0.000472 475
0.000472 1105
0.000473 484
0.000473 684
0.000473 982
0.000474 1147
0.000474 1741
0.000474 406
0.000474 658
0.000475 1850
0.000475 966
0.000477 776
0.000477 1002
0.000477 1737
0.000478 834
0.000478 556
0.000479 1481
0.000480 221
0.000480 351
0.000481 2
0.000481 41
0.000481 1991
0.000482 238
0.000482 1671
0.000483 71
0.000483 1658
0.000483 85
0.000484 1813
0.000484 1183
0.000484 967
0.000484 1156
0.000484 1072
0.000484 179
0.000485 1446
0.000485 1203
0.000485 635
0.000486 978
0.000486 1257
0.000486 869
0.000487 886
0.000487 546
0.000487 1592
0.000487 1353
0.000488 559
0.000488 1523
0.000488 1989
0.000488 1688
0.000489 1496
0.000489 879
0.000489 43
0.000489 1887
0.000490 632
0.000490 1146
0.000490 691
0.000491 1266
0.000491 207
0.000491 1393
0.000492 609
0.000492 1460
0.000492 690
0.000492 1414
0.000493 703
0.000493 536
0.000494 1189
0.000494 1977
0.000495 585
0.000495 1420
0.000496 199
0.000496 1663
0.000497 893
0.000497 1510
0.000497 1152
0.000498 565
0.000498 940
0.000498 146
0.000499 667
0.000500 20
0.000500 361
0.000500 1169
0.000501 94
0.000501 1374
0.000501 305
0.000501 1870
0.000502 874
0.000503 239
0.000503 1877
0.000503 1595
0.000504 465
0.000504 1678
0.000505 220
0.000505 299
0.000506 692
0.000506 746
0.000507 308
0.000508 15
0.000508 2002
0.000509 1905
0.000509 60
0.000509 1321
0.000509 254
0.000510 421
0.000511 124
0.000511 1732
0.000511 120
0.000512 302
0.000512 1239
0.000513 616
0.000514 530
0.000514 1161
0.000515 1470
0.000515 1780
0.000516 482
0.000516 1102
0.000516 1097
0.000516 1275
0.000517 1184
0.000517 136
0.000518 656
0.000519 854
0.000519 195
0.000519 22
0.000519 311
0.000520 396
0.000521 1935
0.000521 313
0.000521 1009
0.000521 282
0.000521 1274
0.000521 638
0.000522 1293
0.000522 1517
0.000522 859
0.000522 645
0.000522 399
0.000523 345
0.000524 1941
0.000524 91
0.000525 696
0.000525 1301
0.000525 135
0.000525 1237
0.000526 568
0.000526 2027
0.000527 371
0.000528 177
0.000528 1043
0.000529 1354
0.000529 1638
0.000530 1037
0.000530 137
0.000530 1298
0.000531 434
0.000531 910
0.000531 607
0.000531 786
0.000531 378
0.000532 375
0.000532 1685
0.000532 1857
0.000533 921
0.000533 1099
0.000533 189
0.000533 77
0.000535 53
0.000535 1196
0.000535 1756
0.000535 1721
0.000536 373
0.000536 1725
0.000536 382
0.000537 614
0.000538 1657
0.000538 223
0.000538 362
0.000539 1429
0.000539 219
0.000541 1539
0.000541 1591
0.000541 981
0.000541 839
0.000542 459
0.000542 1069
0.000543 762
0.000543 425
0.000543 1153
0.000544 1640
0.000546 770
0.000547 1790
0.000547 800
0.000547 498
0.000547 1323
0.000548 289
0.000548 929
0.000548 1900
0.000548 1542
0.000548 228
0.000549 37
0.000551 1341
0.000551 200
0.000551 620
0.000551 821
0.000551 448
0.000551 753
0.000551 331
0.000552 898
0.000553 838
0.000554 852
0.000554 679
0.000554 807
0.000554 1312
0.000555 512
0.000555 730
0.000557 1859
0.000557 2045
0.000558 105
0.000558 527
0.000558 1488
0.000559 315
0.000559 1096
0.000560 1259
0.000561 584
0.000561 49
0.000561 1560
0.000562 304
0.000563 427
0.000563 857
0.000563 1081
0.000563 447
0.000564 681
0.000565 1362
0.000565 522
0.000566 268
0.000567 1010
0.000568 727
0.000568 1409
0.000568 1403
0.000569 380
0.000569 469
0.000570 1759
0.000571 1227
0.000571 27
0.000573 847
0.000573 388
0.000574 1774
0.000574 56
0.000574 1450
0.000574 1434
0.000575 2039
0.000575 876
0.000575 1513
0.000576 957
0.000576 98
0.000576 1969
0.000577 1992
0.000577 259
0.000578 209
0.000578 1664
0.000579 83
0.000579 46
0.000579 1758
0.000579 1155
0.000580 1381
0.000581 1934
0.000581 57
0.000581 1930
0.000581 1698
0.000582 970
0.000582 927
0.000583 1818
0.000583 795
0.000583 506
0.000583 1219
0.000584 1220
0.000584 1326
0.000584 980
0.000585 1811
0.000585 338
0.000585 673
0.000585 411
0.000585 1995
0.000586 790
0.000586 1311
0.000586 1247
0.000587 828
0.000587 1457
0.000587 999
0.000588 1684
0.000588 1441
0.000588 951
0.000588 636
0.000588 541
0.000589 1543
0.000590 1145
0.000591 580
0.000592 1435
0.000592 294
0.000593 2046
0.000593 1707
0.000595 336
0.000596 271
0.000596 731
0.000597 1697
0.000597 1221
0.000597 671
0.000599 1718
0.000599 589
0.000600 1285
0.000600 865
0.000601 513
0.000601 1370
0.000602 326
0.000602 1970
0.000602 129
0.000603 553
0.000603 1535
0.000603 908
0.000604 518
0.000604 646
0.000605 1265
0.000605 1845
0.000606 1251
0.000607 307
0.000608 1921
0.000609 263
0.000610 367
0.000610 2022
0.000611 1681
0.000611 774
0.000611 255
0.000612 1231
0.000613 892
0.000614 1040
0.000614 1299
0.000615 1936
0.000615 175
0.000615 1580
0.000615 856
0.000616 545
0.000617 1143
0.000617 1973
0.000617 749
0.000617 1593
0.000618 489
0.000618 131
0.000619 121
0.000620 155
0.000620 242
0.000621 128
0.000622 542
0.000623 902
0.000623 1724
0.000625 1368
0.000625 1278
0.000626 1546
0.000626 990
0.000626 2041
0.000628 578
0.000628 1467
0.000628 1210
0.000628 133
0.000628 1296
0.000629 717
0.000630 1957
0.000631 2015
0.000633 511
0.000633 1722
0.000633 1046
0.000634 272
0.000634 327
0.000634 1279
0.000635 488
0.000635 732
0.000635 1039
0.000636 1752
0.000637 275
0.000637 1882
0.000639 197
0.000639 1365
0.000639 1445
0.000639 643
0.000640 1384
0.000640 1317
0.000640 493
0.000642 203
0.000643 619
0.000644 1587
0.000644 1255
0.000645 19
0.000645 1994
0.000647 1100
0.000648 1358
0.000648 1438
0.000651 1052
0.000652 1878
0.000653 257
0.000653 79
0.000653 1205
0.000653 231
0.000653 67
0.000654 156
0.000654 1367
0.000654 903
0.000654 229
0.000655 281
0.000657 1252
0.000658 2040
0.000659 196
0.000660 1103
0.000661 647
0.000661 277
0.000662 439
0.000663 1808
0.000664 772
0.000664 1329
0.000665 1032
0.000666 1585
0.000666 1447
0.000666 1215
0.000667 1837
0.000668 359
0.000668 86
0.000668 1067
0.000669 1633
0.000672 112
0.000672 295
0.000673 1528
0.000674 1471
0.000675 1463
0.000676 1041
0.000676 1294
0.000678 65
0.000679 360
0.000679 848
0.000681 48
0.000681 660
0.000681 817
0.000684 454
0.000684 797
0.000684 1324
0.000685 383
0.000686 1776
0.000688 201
0.000689 766
0.000689 1107
0.000690 1626
0.000690 414
0.000690 1650
0.000691 1538
0.000692 8
0.000693 745
0.000694 794
0.000695 1588
0.000695 185
0.000697 708
0.000698 686
0.000699 1603
0.000700 917
0.000700 24
0.000700 630
0.000701 909
0.000701 655
0.000702 1283
0.000703 1683
0.000703 1391
0.000704 780
0.000705 603
0.000707 1056
0.000707 318
0.000709 316
0.000710 1177
0.000710 971
0.000712 1260
0.000712 1743
0.000713 194
0.000713 648
0.000715 923
0.000715 188
0.000716 1402
0.000717 290
0.000720 329
0.000721 93
0.000722 629
0.000722 474
0.000722 1515
0.000722 760
0.000723 664
0.000724 1893
0.000725 442
0.000727 1263
0.000730 891
0.000730 1222
0.000731 395
0.000731 1229
0.000734 21
0.000734 1901
0.000736 1929
0.000736 169
0.000737 224
0.000738 1245
0.000738 1267
0.000738 1653
0.000739 598
0.000739 389
0.000741 1728
0.000742 1576
0.000742 426
0.000743 317
0.000743 1197
0.000743 1432
0.000744 1379
0.000745 1747
0.000746 1256
0.000746 1306
0.000748 1985
0.000748 2009
0.000749 1590
0.000750 1749
0.000750 236
0.000753 1171
0.000755 1569
0.000756 1399
0.000757 1049
0.000757 1733
0.000758 1815
0.000759 1310
0.000761 1925
0.000761 1132
0.000763 322
0.000764 590
0.000764 151
0.000766 1772
0.000767 100
0.000768 314
0.000769 618
0.000769 1456
0.000769 1820
0.000769 1387
0.000769 26
0.000770 471
0.000770 1038
0.000771 132
0.000774 1864
0.000775 586
0.000775 1154
0.000777 358
0.000777 1322
0.000779 706
0.000780 1396
0.000780 801
0.000780 1234
0.000780 1053
0.000782 90
0.000783 3
0.000783 778
0.000783 1300
0.000786 1113
0.000787 600
0.000787 653
0.000788 214
0.000791 1795
0.000792 413
0.000792 2019
0.000792 102
0.000796 418
0.000797 1583
0.000798 274
0.000799 319
0.000799 141
0.000801 812
0.000804 1212
0.000805 1618
0.000806 606
0.000807 560
0.000810 1950
0.000811 1959
0.000812 1320
0.000812 1521
0.000814 306
0.000814 1599
0.000816 1494
0.000818 410
0.000820 1173
0.000822 1889
0.000823 538
0.000825 783
0.000825 166
0.000828 1363
0.000831 1230
0.000832 348
0.000833 1165
0.000838 429
0.000838 1101
0.000840 310
0.000843 1503
0.000843 1290
0.000845 2008
0.000846 28
0.000848 1092
0.000849 1325
0.000853 1526
0.000854 1636
0.000857 1690
0.000858 566
0.000859 451
0.000861 1269
0.000862 1085
0.000863 1064
0.000868 728
0.000871 1204
0.000874 1243
0.000876 74
0.000878 1291
0.000880 309
0.000880 114
0.000881 1817
0.000881 1604
0.000883 644
0.000885 29
0.000886 1129
0.000886 1894
0.000888 1114
0.000889 1558
0.000889 1965
0.000889 1835
0.000892 735
0.000893 1352
0.000895 1544
0.000897 1380
0.000898 714
0.000899 298
0.000900 374
0.000900 610
0.000901 377
0.000902 59
0.000904 539
0.000904 1589
0.000906 740
0.000906 1844
0.000908 1571
0.000912 1371
0.000913 1336
0.000913 1127
0.000915 1021
0.000918 1840
0.000922 407
0.000922 1514
0.000924 1133
0.000925 1126
0.000925 1112
0.000929 1191
0.000931 1966
0.000932 1763
0.000932 723
0.000934 1410
0.000934 2023
0.000936 1328
0.000937 1141
0.000940 1261
0.000940 1120
0.000946 340
0.000949 1174
0.000949 401
0.000949 1192
0.000951 2024
0.000953 81
0.000957 1066
0.000960 2000
0.000961 417
0.000961 1366
0.000962 1419
0.000963 1914
0.000967 1881
0.000969 63
0.000969 1933
0.000970 677
0.000971 1082
0.000974 1400
0.000976 1824
0.000979 368
0.000984 1474
0.000990 1033
0.000990 532
0.000992 1968
0.000995 1746
0.000995 846
0.000997 1297
0.000998 1567
0.001002 301
0.001006 1346
0.001010 1597
0.001011 332
0.001014 2044
0.001015 1086
0.001030 1561
0.001031 1117
0.001039 346
0.001043 1078
0.001044 240
0.001047 1885
0.001051 174
0.001056 1967
0.001058 1335
0.001060 1404
0.001062 597
0.001062 1007
0.001064 2047
0.001066 688
0.001068 617
0.001070 1083
0.001071 1856
0.001073 1349
0.001076 1646
0.001078 612
0.001084 1495
0.001088 1115
0.001092 1469
0.001094 33
0.001096 986
0.001102 1949
0.001104 1308
0.001107 1135
0.001111 1612
0.001112 1031
0.001120 186
0.001124 962
0.001124 387
0.001133 1895
0.001133 654
0.001136 173
0.001138 1249
0.001146 312
0.001147 1565
0.001149 1439
0.001153 989
0.001155 1802
0.001168 1863
0.001168 1378
0.001169 1373
0.001172 1773
0.001173 1242
0.001180 579
0.001182 1781
0.001183 1307
0.001188 1720
0.001192 1484
0.001195 1848
0.001196 337
0.001202 918
0.001209 1327
0.001212 157
0.001216 1866
0.001221 1163
0.001221 1919
0.001224 1639
0.001231 1377
0.001232 1106
0.001236 1194
0.001236 1734
0.001241 1651
0.001253 1606
0.001254 379
0.001261 1412
0.001264 1622
0.001271 1497
0.001281 1628
0.001295 113
0.001299 1709
0.001302 1098
0.001309 1167
0.001311 1241
0.001333 1148
0.001340 1986
0.001360 687
0.001362 1295
0.001377 1522
0.001394 1035
0.001403 694
0.001412 11
0.001437 13
0.001451 1180
0.001455 944
0.001456 1119
0.001460 1954
0.001462 558
0.001465 1178
0.001466 1182
0.001476 1787
0.001478 1144
0.001527 1676
0.001575 1200
0.001582 365
0.001589 1937
0.001593 1629
0.001613 1952
0.001625 1386
0.001626 1334
0.001626 1886
0.001628 1442
0.001630 1188
0.001634 1342
0.001636 78
0.001649 1195
0.001653 1670
0.001687 1536
0.001692 515
0.001694 1029
0.001697 1739
0.001701 1206
0.001718 959
0.001731 1727
0.001738 1124
0.001742 1164
0.001745 1271
0.001785 283
0.001815 1217
0.001843 217
0.001847 1918
0.001849 750
0.001862 1356
0.001864 1131
0.001876 1193
0.001924 1888
0.001936 1128
0.001953 1134
0.002049 1854
0.002166 2016
0.002262 1392
0.002266 1809
0.002372 1233
0.003091 296
0.003170 1226
