Logistic


For 1 fold the results are as follows:
             precision    recall  f1-score   support

        0.0       0.77      0.80      0.79        30
        1.0       0.90      0.84      0.87        43
        2.0       1.00      0.91      0.95        23
        3.0       0.95      0.93      0.94        40
        4.0       0.62      0.55      0.58        29
        5.0       0.93      0.85      0.89        47
        6.0       0.82      0.82      0.82        22
        7.0       0.95      0.88      0.91        24
        8.0       1.00      0.89      0.94        27
        9.0       0.91      0.87      0.89        23
       10.0       0.66      0.88      0.75        24
       11.0       0.79      0.90      0.84        21
       12.0       0.92      0.97      0.95        36
       13.0       1.00      0.90      0.95        30
       14.0       0.88      0.88      0.88        24
       15.0       0.73      0.85      0.79        26
       16.0       0.85      0.96      0.90        23
       17.0       0.75      0.84      0.79        25
       18.0       1.00      0.92      0.96        26
       19.0       0.89      0.88      0.88        65
       20.0       0.92      0.82      0.87        28
       21.0       0.90      0.90      0.90        29
       22.0       0.88      0.91      0.89        23
       23.0       1.00      1.00      1.00        33
       24.0       1.00      0.95      0.98        22
       25.0       0.90      0.93      0.92        29
       26.0       0.92      0.92      0.92        25
       27.0       0.79      0.81      0.80        27
       28.0       0.62      0.71      0.67        21
       29.0       0.95      0.87      0.91        23
       30.0       0.95      0.91      0.93        22
       31.0       0.58      0.58      0.58        24
       32.0       0.80      0.91      0.85        22
       33.0       0.81      0.88      0.85        25
       34.0       0.73      0.55      0.63        29
       35.0       0.74      0.85      0.79        27
       36.0       0.89      0.94      0.92        36
       37.0       0.88      1.00      0.93        21
       38.0       0.86      0.73      0.79        26
       39.0       0.85      0.97      0.90        29
       40.0       0.82      0.56      0.67        25
       41.0       0.91      0.87      0.89        23
       42.0       0.80      0.89      0.84        36
       43.0       0.84      0.81      0.82        26
       44.0       0.93      0.87      0.90        15
       45.0       0.84      0.87      0.86        31
       46.0       0.64      0.57      0.60        28
       47.0       0.87      0.96      0.92        28
       48.0       0.81      0.92      0.86        24
       49.0       0.87      0.87      0.87        23
       50.0       0.90      0.87      0.88        52
       51.0       0.88      0.88      0.88        26
       52.0       1.00      0.92      0.96        24
       53.0       0.90      0.90      0.90        29
       54.0       0.80      0.87      0.83        23
       55.0       0.96      0.82      0.88        28
       56.0       1.00      0.93      0.97        15
       57.0       0.96      0.92      0.94        25
       58.0       0.96      0.96      0.96        23
       59.0       0.81      0.94      0.87        31
       60.0       0.95      0.88      0.91        24
       61.0       0.71      0.85      0.77        20
       62.0       0.75      0.79      0.77        34
       63.0       0.71      0.65      0.68        23
       64.0       0.82      0.88      0.85        26
       65.0       0.85      0.89      0.87        19
       66.0       0.91      0.89      0.90        36
       67.0       0.87      0.94      0.91       200
       68.0       0.70      0.92      0.79        25
       69.0       0.68      0.65      0.67        26
       70.0       0.84      0.82      0.83        33
       71.0       0.69      0.78      0.73        23
       72.0       0.89      0.61      0.72        28
       73.0       0.73      0.73      0.73        22
       74.0       0.89      0.96      0.93        26
       75.0       0.96      0.96      0.96        23
       76.0       0.85      0.68      0.76        25
       77.0       0.94      0.60      0.73        25
       78.0       0.95      0.84      0.89        25
       79.0       0.85      0.85      0.85        27
       80.0       0.62      0.67      0.64        27
       81.0       0.91      0.88      0.89        24
       82.0       0.96      1.00      0.98        24
       83.0       1.00      0.97      0.98        31
       84.0       0.91      0.91      0.91        23
       85.0       0.81      0.84      0.82        25
       86.0       0.83      0.65      0.73        23
       87.0       0.96      0.88      0.92        25
       88.0       0.64      0.67      0.65        27
       89.0       0.83      0.96      0.89        45
       90.0       0.88      0.84      0.86        25
       91.0       0.82      0.88      0.85        32
       92.0       0.97      0.97      0.97        34
       93.0       0.73      0.73      0.73        30
       94.0       0.85      0.78      0.81        36
       95.0       0.96      0.82      0.88        28
       96.0       0.65      0.74      0.69        23
       97.0       1.00      0.91      0.95        22
       98.0       0.58      0.58      0.58        24
       99.0       0.81      0.77      0.79        22

avg / total       0.85      0.85      0.85      2904



For 2 fold the results are as follows:
             precision    recall  f1-score   support

        0.0       0.70      0.70      0.70        30
        1.0       0.95      0.88      0.91        42
        2.0       0.96      0.96      0.96        23
        3.0       0.92      0.90      0.91        40
        4.0       0.82      0.62      0.71        29
        5.0       0.87      0.89      0.88        46
        6.0       0.72      0.95      0.82        22
        7.0       0.87      0.83      0.85        24
        8.0       0.93      0.93      0.93        27
        9.0       0.77      0.74      0.76        23
       10.0       0.90      0.78      0.84        23
       11.0       0.91      0.95      0.93        21
       12.0       0.79      0.86      0.83        36
       13.0       0.90      0.87      0.88        30
       14.0       0.80      1.00      0.89        24
       15.0       0.72      0.88      0.79        26
       16.0       0.80      0.87      0.83        23
       17.0       0.74      0.68      0.71        25
       18.0       0.85      0.92      0.88        25
       19.0       0.91      0.95      0.93        65
       20.0       0.76      0.93      0.84        28
       21.0       0.89      0.89      0.89        28
       22.0       0.89      0.77      0.83        22
       23.0       1.00      0.97      0.98        32
       24.0       0.95      0.86      0.90        21
       25.0       0.90      0.93      0.92        29
       26.0       0.95      0.84      0.89        25
       27.0       0.75      0.69      0.72        26
       28.0       0.76      0.76      0.76        21
       29.0       0.90      0.83      0.86        23
       30.0       0.91      0.95      0.93        22
       31.0       0.83      0.83      0.83        24
       32.0       0.82      0.82      0.82        22
       33.0       0.75      0.72      0.73        25
       34.0       0.80      0.71      0.75        28
       35.0       0.81      0.78      0.79        27
       36.0       0.92      0.94      0.93        36
       37.0       0.91      0.95      0.93        21
       38.0       0.88      0.88      0.88        26
       39.0       0.86      0.86      0.86        29
       40.0       0.83      0.62      0.71        24
       41.0       0.74      0.74      0.74        23
       42.0       0.88      0.83      0.86        36
       43.0       0.85      0.85      0.85        26
       44.0       0.93      1.00      0.97        14
       45.0       0.90      0.87      0.89        31
       46.0       0.68      0.68      0.68        28
       47.0       0.89      0.89      0.89        28
       48.0       0.95      0.75      0.84        24
       49.0       0.58      0.48      0.52        23
       50.0       0.88      0.88      0.88        52
       51.0       0.92      0.88      0.90        26
       52.0       1.00      1.00      1.00        24
       53.0       0.96      0.90      0.93        29
       54.0       0.79      0.65      0.71        23
       55.0       0.93      0.93      0.93        28
       56.0       0.87      0.93      0.90        14
       57.0       1.00      1.00      1.00        25
       58.0       0.83      0.91      0.87        22
       59.0       0.88      0.90      0.89        31
       60.0       0.92      0.92      0.92        24
       61.0       0.75      0.75      0.75        20
       62.0       0.63      0.79      0.70        33
       63.0       0.79      0.96      0.86        23
       64.0       0.89      0.65      0.76        26
       65.0       1.00      0.95      0.97        19
       66.0       0.86      0.86      0.86        36
       67.0       0.87      0.94      0.90       200
       68.0       0.88      0.84      0.86        25
       69.0       0.76      0.76      0.76        25
       70.0       0.70      0.79      0.74        33
       71.0       0.82      0.61      0.70        23
       72.0       0.71      0.81      0.76        27
       73.0       0.83      0.68      0.75        22
       74.0       1.00      0.96      0.98        25
       75.0       0.96      0.96      0.96        23
       76.0       0.86      0.79      0.83        24
       77.0       0.78      0.72      0.75        25
       78.0       0.86      0.96      0.91        25
       79.0       0.84      0.78      0.81        27
       80.0       0.88      0.85      0.86        26
       81.0       0.85      0.92      0.88        24
       82.0       0.92      0.92      0.92        24
       83.0       0.97      0.97      0.97        31
       84.0       0.91      0.87      0.89        23
       85.0       0.91      0.84      0.87        25
       86.0       0.68      0.65      0.67        23
       87.0       0.86      0.96      0.91        25
       88.0       0.67      0.74      0.70        27
       89.0       0.87      0.87      0.87        45
       90.0       1.00      0.80      0.89        25
       91.0       0.82      0.84      0.83        32
       92.0       0.89      0.91      0.90        34
       93.0       0.71      0.83      0.77        30
       94.0       0.82      0.86      0.84        36
       95.0       0.93      0.93      0.93        28
       96.0       0.95      0.83      0.88        23
       97.0       0.78      0.95      0.86        22
       98.0       0.72      0.54      0.62        24
       99.0       0.86      0.82      0.84        22

avg / total       0.85      0.85      0.85      2884



For 3 fold the results are as follows:
             precision    recall  f1-score   support

        0.0       0.88      0.73      0.80        30
        1.0       0.82      0.95      0.88        42
        2.0       1.00      0.91      0.95        23
        3.0       0.95      0.90      0.92        40
        4.0       0.58      0.72      0.65        29
        5.0       0.93      0.91      0.92        46
        6.0       0.83      0.86      0.84        22
        7.0       1.00      0.88      0.93        24
        8.0       1.00      0.96      0.98        27
        9.0       0.95      0.86      0.90        22
       10.0       0.82      0.78      0.80        23
       11.0       0.86      0.90      0.88        21
       12.0       0.80      1.00      0.89        36
       13.0       0.88      0.97      0.92        30
       14.0       0.77      0.83      0.80        24
       15.0       0.72      0.81      0.76        26
       16.0       0.87      0.87      0.87        23
       17.0       0.69      0.72      0.71        25
       18.0       0.83      1.00      0.91        25
       19.0       0.88      0.92      0.90        64
       20.0       0.86      0.89      0.88        28
       21.0       0.93      0.89      0.91        28
       22.0       0.95      0.95      0.95        22
       23.0       0.93      0.81      0.87        32
       24.0       1.00      0.86      0.92        21
       25.0       0.96      0.86      0.91        29
       26.0       0.84      0.84      0.84        25
       27.0       0.74      0.77      0.75        26
       28.0       0.75      0.71      0.73        21
       29.0       0.92      0.96      0.94        23
       30.0       0.86      0.82      0.84        22
       31.0       0.71      0.62      0.67        24
       32.0       0.90      0.82      0.86        22
       33.0       0.55      0.72      0.62        25
       34.0       0.57      0.57      0.57        28
       35.0       0.81      0.81      0.81        27
       36.0       0.94      0.89      0.91        36
       37.0       1.00      0.95      0.97        20
       38.0       0.92      0.88      0.90        26
       39.0       0.96      0.93      0.95        29
       40.0       0.61      0.58      0.60        24
       41.0       0.77      0.74      0.76        23
       42.0       0.78      0.78      0.78        36
       43.0       0.92      0.85      0.88        26
       44.0       0.85      0.79      0.81        14
       45.0       0.93      0.81      0.86        31
       46.0       0.76      0.70      0.73        27
       47.0       0.93      0.89      0.91        28
       48.0       1.00      0.92      0.96        24
       49.0       0.90      0.78      0.84        23
       50.0       0.87      0.88      0.87        51
       51.0       0.92      0.96      0.94        25
       52.0       0.95      0.88      0.91        24
       53.0       0.81      0.90      0.85        29
       54.0       0.86      0.83      0.84        23
       55.0       0.96      0.93      0.94        27
       56.0       1.00      0.79      0.88        14
       57.0       1.00      0.92      0.96        25
       58.0       0.91      0.95      0.93        22
       59.0       0.96      0.81      0.88        31
       60.0       0.95      0.78      0.86        23
       61.0       0.81      0.85      0.83        20
       62.0       0.85      0.88      0.87        33
       63.0       0.82      0.78      0.80        23
       64.0       0.85      0.65      0.74        26
       65.0       1.00      0.79      0.88        19
       66.0       0.88      0.83      0.86        36
       67.0       0.89      0.93      0.91       200
       68.0       0.74      0.83      0.78        24
       69.0       0.76      0.88      0.81        25
       70.0       0.88      0.91      0.90        33
       71.0       0.91      0.87      0.89        23
       72.0       0.76      0.81      0.79        27
       73.0       0.78      0.82      0.80        22
       74.0       0.85      0.92      0.88        25
       75.0       1.00      0.86      0.93        22
       76.0       0.80      0.83      0.82        24
       77.0       0.69      0.75      0.72        24
       78.0       0.88      0.88      0.88        25
       79.0       0.76      0.73      0.75        26
       80.0       0.77      0.88      0.82        26
       81.0       0.77      0.87      0.82        23
       82.0       0.91      0.91      0.91        23
       83.0       0.96      0.84      0.90        31
       84.0       0.83      0.83      0.83        23
       85.0       0.88      0.88      0.88        24
       86.0       0.73      0.86      0.79        22
       87.0       0.88      0.92      0.90        25
       88.0       0.76      0.85      0.80        26
       89.0       0.91      0.96      0.93        45
       90.0       0.81      0.92      0.86        24
       91.0       0.82      0.88      0.85        32
       92.0       0.93      0.76      0.84        34
       93.0       0.81      0.83      0.82        30
       94.0       0.89      0.94      0.92        35
       95.0       0.96      0.93      0.95        28
       96.0       0.74      0.77      0.76        22
       97.0       0.90      0.86      0.88        21
       98.0       0.75      0.62      0.68        24
       99.0       0.85      0.77      0.81        22

avg / total       0.86      0.85      0.85      2863



For 4 fold the results are as follows:
             precision    recall  f1-score   support

        0.0       0.80      0.80      0.80        30
        1.0       0.90      0.83      0.86        42
        2.0       1.00      0.87      0.93        23
        3.0       0.91      0.80      0.85        40
        4.0       0.79      0.76      0.77        29
        5.0       0.81      0.91      0.86        46
        6.0       0.85      0.77      0.81        22
        7.0       0.84      0.88      0.86        24
        8.0       0.96      1.00      0.98        27
        9.0       0.73      0.73      0.73        22
       10.0       0.83      0.65      0.73        23
       11.0       0.95      0.90      0.92        20
       12.0       0.85      0.92      0.88        36
       13.0       0.90      0.93      0.92        30
       14.0       0.89      0.70      0.78        23
       15.0       0.81      0.65      0.72        26
       16.0       1.00      0.91      0.95        23
       17.0       0.82      0.72      0.77        25
       18.0       0.90      0.76      0.83        25
       19.0       0.86      0.94      0.90        64
       20.0       0.76      0.93      0.84        28
       21.0       0.86      0.86      0.86        28
       22.0       0.88      0.95      0.91        22
       23.0       1.00      0.97      0.98        32
       24.0       1.00      0.71      0.83        21
       25.0       0.93      0.86      0.89        29
       26.0       0.89      0.96      0.92        25
       27.0       0.80      0.77      0.78        26
       28.0       0.83      0.90      0.86        21
       29.0       0.92      1.00      0.96        22
       30.0       0.95      0.82      0.88        22
       31.0       0.75      0.75      0.75        24
       32.0       0.86      0.86      0.86        21
       33.0       0.68      0.60      0.64        25
       34.0       0.63      0.61      0.62        28
       35.0       0.92      0.85      0.88        27
       36.0       0.90      0.97      0.93        36
       37.0       1.00      0.95      0.97        20
       38.0       0.89      0.96      0.93        26
       39.0       0.87      0.93      0.90        29
       40.0       0.53      0.75      0.62        24
       41.0       0.75      0.78      0.77        23
       42.0       0.88      0.83      0.85        35
       43.0       0.77      0.92      0.84        26
       44.0       0.93      0.93      0.93        14
       45.0       0.74      0.84      0.79        31
       46.0       0.57      0.59      0.58        27
       47.0       0.92      0.81      0.86        27
       48.0       0.80      0.87      0.83        23
       49.0       0.85      0.74      0.79        23
       50.0       0.92      0.96      0.94        51
       51.0       0.81      0.84      0.82        25
       52.0       0.86      1.00      0.92        24
       53.0       1.00      0.86      0.93        29
       54.0       0.86      0.78      0.82        23
       55.0       0.96      1.00      0.98        27
       56.0       0.93      0.93      0.93        14
       57.0       1.00      0.92      0.96        25
       58.0       1.00      0.82      0.90        22
       59.0       0.97      0.97      0.97        30
       60.0       0.88      0.91      0.89        23
       61.0       0.77      0.85      0.81        20
       62.0       0.70      0.70      0.70        33
       63.0       0.76      0.86      0.81        22
       64.0       0.71      0.77      0.74        26
       65.0       0.90      1.00      0.95        19
       66.0       0.83      0.81      0.82        36
       67.0       0.93      0.94      0.93       200
       68.0       0.91      0.83      0.87        24
       69.0       0.69      0.72      0.71        25
       70.0       0.76      0.88      0.82        33
       71.0       0.75      0.78      0.77        23
       72.0       0.90      0.70      0.79        27
       73.0       0.84      0.73      0.78        22
       74.0       1.00      0.88      0.94        25
       75.0       0.95      0.82      0.88        22
       76.0       0.86      0.79      0.83        24
       77.0       0.71      0.83      0.77        24
       78.0       0.74      0.71      0.72        24
       79.0       0.95      0.77      0.85        26
       80.0       0.69      0.69      0.69        26
       81.0       0.95      0.83      0.88        23
       82.0       1.00      1.00      1.00        23
       83.0       0.93      0.93      0.93        30
       84.0       0.91      0.91      0.91        22
       85.0       0.74      0.96      0.84        24
       86.0       0.76      0.73      0.74        22
       87.0       0.92      0.88      0.90        25
       88.0       0.77      0.92      0.84        26
       89.0       0.84      0.91      0.87        45
       90.0       1.00      0.75      0.86        24
       91.0       0.69      0.69      0.69        32
       92.0       0.97      0.94      0.95        33
       93.0       0.93      0.90      0.91        29
       94.0       0.80      0.91      0.85        35
       95.0       0.87      0.96      0.92        28
       96.0       0.69      0.82      0.75        22
       97.0       0.91      1.00      0.95        21
       98.0       0.71      0.62      0.67        24
       99.0       0.95      0.82      0.88        22

avg / total       0.86      0.85      0.85      2849



For 5 fold the results are as follows:
             precision    recall  f1-score   support

        0.0       0.77      0.80      0.79        30
        1.0       0.84      0.90      0.87        42
        2.0       0.88      0.91      0.89        23
        3.0       0.95      0.97      0.96        40
        4.0       0.71      0.69      0.70        29
        5.0       0.88      0.83      0.85        46
        6.0       0.81      0.77      0.79        22
        7.0       0.95      0.79      0.86        24
        8.0       1.00      0.96      0.98        27
        9.0       0.77      0.77      0.77        22
       10.0       0.91      0.91      0.91        23
       11.0       0.86      0.95      0.90        20
       12.0       0.91      0.83      0.87        36
       13.0       0.96      0.87      0.91        30
       14.0       0.91      0.91      0.91        23
       15.0       0.63      0.65      0.64        26
       16.0       0.78      0.91      0.84        23
       17.0       0.79      0.79      0.79        24
       18.0       0.88      0.88      0.88        25
       19.0       0.88      0.98      0.93        64
       20.0       0.96      0.89      0.93        28
       21.0       0.72      0.82      0.77        28
       22.0       0.69      0.82      0.75        22
       23.0       1.00      0.94      0.97        32
       24.0       0.95      0.95      0.95        21
       25.0       0.92      0.82      0.87        28
       26.0       0.81      0.88      0.85        25
       27.0       0.73      0.73      0.73        26
       28.0       0.81      0.62      0.70        21
       29.0       0.85      0.77      0.81        22
       30.0       0.95      0.95      0.95        22
       31.0       0.70      0.58      0.64        24
       32.0       0.80      0.76      0.78        21
       33.0       0.76      0.76      0.76        25
       34.0       0.64      0.82      0.72        28
       35.0       0.96      0.89      0.92        27
       36.0       0.94      0.89      0.91        36
       37.0       1.00      0.95      0.97        20
       38.0       0.95      0.77      0.85        26
       39.0       0.83      0.89      0.86        28
       40.0       0.89      0.71      0.79        24
       41.0       0.87      0.87      0.87        23
       42.0       0.74      0.89      0.81        35
       43.0       0.91      0.84      0.87        25
       44.0       0.92      0.86      0.89        14
       45.0       0.78      0.93      0.85        30
       46.0       0.65      0.74      0.69        27
       47.0       0.90      0.96      0.93        27
       48.0       0.95      0.87      0.91        23
       49.0       0.77      0.91      0.83        22
       50.0       0.92      0.94      0.93        51
       51.0       0.96      0.92      0.94        25
       52.0       0.91      0.91      0.91        23
       53.0       0.81      0.90      0.85        29
       54.0       0.89      0.77      0.83        22
       55.0       0.93      0.93      0.93        27
       56.0       0.93      1.00      0.97        14
       57.0       0.88      0.96      0.92        24
       58.0       0.83      0.91      0.87        22
       59.0       0.86      0.83      0.85        30
       60.0       0.92      0.96      0.94        23
       61.0       0.76      0.65      0.70        20
       62.0       0.62      0.64      0.63        33
       63.0       0.75      0.68      0.71        22
       64.0       0.80      0.80      0.80        25
       65.0       0.94      0.94      0.94        18
       66.0       0.86      0.83      0.85        36
       67.0       0.90      0.91      0.90       200
       68.0       0.75      0.75      0.75        24
       69.0       0.75      0.72      0.73        25
       70.0       0.74      0.81      0.78        32
       71.0       0.85      0.77      0.81        22
       72.0       0.86      0.67      0.75        27
       73.0       0.76      0.76      0.76        21
       74.0       0.96      0.96      0.96        25
       75.0       0.73      0.73      0.73        22
       76.0       0.84      0.67      0.74        24
       77.0       0.80      0.83      0.82        24
       78.0       0.78      0.75      0.77        24
       79.0       0.80      0.77      0.78        26
       80.0       0.79      0.73      0.76        26
       81.0       0.91      0.87      0.89        23
       82.0       0.96      0.96      0.96        23
       83.0       0.91      1.00      0.95        30
       84.0       0.86      0.86      0.86        22
       85.0       0.88      0.92      0.90        24
       86.0       0.59      0.59      0.59        22
       87.0       0.92      0.96      0.94        24
       88.0       0.80      0.77      0.78        26
       89.0       0.95      0.84      0.89        45
       90.0       0.91      0.83      0.87        24
       91.0       0.80      0.90      0.85        31
       92.0       0.91      0.88      0.89        33
       93.0       0.86      0.83      0.84        29
       94.0       0.86      0.86      0.86        35
       95.0       0.93      0.96      0.95        27
       96.0       0.70      0.73      0.71        22
       97.0       0.86      0.86      0.86        21
       98.0       0.67      0.67      0.67        24
       99.0       0.80      0.91      0.85        22

avg / total       0.85      0.85      0.85      2832




