
passive Regressor
c = .1
loss = hinge

resive_classifier.py 
For 1 fold the results are as follows:
             precision    recall  f1-score   support

        0.0       0.70      0.63      0.67        30
        1.0       0.83      0.91      0.87        43
        2.0       0.88      0.91      0.89        23
        3.0       0.90      0.88      0.89        40
        4.0       0.72      0.62      0.67        29
        5.0       0.95      0.77      0.85        47
        6.0       0.75      0.82      0.78        22
        7.0       0.95      0.88      0.91        24
        8.0       1.00      0.93      0.96        27
        9.0       0.86      0.83      0.84        23
       10.0       0.76      0.79      0.78        24
       11.0       0.80      0.95      0.87        21
       12.0       0.86      0.86      0.86        36
       13.0       0.93      0.90      0.92        30
       14.0       0.84      0.67      0.74        24
       15.0       0.67      0.69      0.68        26
       16.0       0.92      0.96      0.94        23
       17.0       0.68      0.76      0.72        25
       18.0       0.89      0.96      0.93        26
       19.0       0.94      0.89      0.91        65
       20.0       0.75      0.86      0.80        28
       21.0       0.74      0.90      0.81        29
       22.0       0.85      0.74      0.79        23
       23.0       0.94      0.94      0.94        33
       24.0       0.95      0.86      0.90        22
       25.0       0.87      0.90      0.88        29
       26.0       0.91      0.84      0.87        25
       27.0       0.78      0.78      0.78        27
       28.0       0.94      0.81      0.87        21
       29.0       0.70      0.83      0.76        23
       30.0       0.83      0.91      0.87        22
       31.0       0.56      0.62      0.59        24
       32.0       0.94      0.73      0.82        22
       33.0       0.72      0.72      0.72        25
       34.0       0.77      0.69      0.73        29
       35.0       0.85      0.85      0.85        27
       36.0       0.97      0.97      0.97        36
       37.0       1.00      0.95      0.98        21
       38.0       0.96      1.00      0.98        26
       39.0       0.82      0.93      0.87        29
       40.0       0.59      0.40      0.48        25
       41.0       0.71      0.87      0.78        23
       42.0       0.80      0.89      0.84        36
       43.0       0.85      0.85      0.85        26
       44.0       1.00      0.93      0.97        15
       45.0       0.88      0.94      0.91        31
       46.0       0.65      0.61      0.63        28
       47.0       0.83      0.89      0.86        28
       48.0       0.83      0.83      0.83        24
       49.0       0.82      0.78      0.80        23
       50.0       0.82      0.94      0.87        52
       51.0       0.92      0.92      0.92        26
       52.0       0.92      0.96      0.94        24
       53.0       0.84      0.93      0.89        29
       54.0       0.89      0.74      0.81        23
       55.0       1.00      0.82      0.90        28
       56.0       0.86      0.80      0.83        15
       57.0       0.93      1.00      0.96        25
       58.0       0.90      0.78      0.84        23
       59.0       0.82      0.90      0.86        31
       60.0       0.92      0.92      0.92        24
       61.0       0.83      0.75      0.79        20
       62.0       0.88      0.68      0.77        34
       63.0       0.94      0.74      0.83        23
       64.0       0.75      0.81      0.78        26
       65.0       0.94      0.84      0.89        19
       66.0       0.77      0.83      0.80        36
       67.0       0.86      0.94      0.90       200
       68.0       0.90      0.76      0.83        25
       69.0       0.71      0.77      0.74        26
       70.0       0.88      0.88      0.88        33
       71.0       0.79      0.83      0.81        23
       72.0       0.88      0.75      0.81        28
       73.0       0.86      0.82      0.84        22
       74.0       0.85      0.88      0.87        26
       75.0       0.88      0.91      0.89        23
       76.0       1.00      0.72      0.84        25
       77.0       0.79      0.60      0.68        25
       78.0       0.90      0.76      0.83        25
       79.0       0.86      0.70      0.78        27
       80.0       0.77      0.74      0.75        27
       81.0       0.77      0.96      0.85        24
       82.0       1.00      0.96      0.98        24
       83.0       0.97      0.94      0.95        31
       84.0       0.80      0.87      0.83        23
       85.0       0.79      0.92      0.85        25
       86.0       0.67      0.78      0.72        23
       87.0       0.92      0.96      0.94        25
       88.0       0.88      0.56      0.68        27
       89.0       0.90      0.98      0.94        45
       90.0       0.81      1.00      0.89        25
       91.0       0.73      0.84      0.78        32
       92.0       0.97      0.88      0.92        34
       93.0       0.78      0.70      0.74        30
       94.0       0.86      0.89      0.88        36
       95.0       0.87      0.93      0.90        28
       96.0       0.78      0.61      0.68        23
       97.0       0.84      0.95      0.89        22
       98.0       0.56      0.62      0.59        24
       99.0       0.76      0.86      0.81        22

avg / total       0.85      0.84      0.84      2904



For 2 fold the results are as follows:
             precision    recall  f1-score   support

        0.0       0.74      0.83      0.78        30
        1.0       0.90      0.83      0.86        42
        2.0       0.88      0.96      0.92        23
        3.0       0.95      0.90      0.92        40
        4.0       0.74      0.59      0.65        29
        5.0       0.79      0.96      0.86        46
        6.0       0.90      0.86      0.88        22
        7.0       0.88      0.96      0.92        24
        8.0       0.93      0.96      0.95        27
        9.0       0.80      0.70      0.74        23
       10.0       0.71      0.74      0.72        23
       11.0       0.86      0.90      0.88        21
       12.0       0.87      0.92      0.89        36
       13.0       0.90      0.90      0.90        30
       14.0       0.91      0.83      0.87        24
       15.0       0.94      0.65      0.77        26
       16.0       0.90      0.83      0.86        23
       17.0       0.75      0.72      0.73        25
       18.0       0.83      0.80      0.82        25
       19.0       0.87      0.95      0.91        65
       20.0       0.86      0.86      0.86        28
       21.0       0.85      0.82      0.84        28
       22.0       0.89      0.77      0.83        22
       23.0       0.79      0.97      0.87        32
       24.0       1.00      1.00      1.00        21
       25.0       0.90      0.93      0.92        29
       26.0       0.89      0.96      0.92        25
       27.0       0.63      0.85      0.72        26
       28.0       0.85      0.81      0.83        21
       29.0       0.88      0.91      0.89        23
       30.0       0.83      0.86      0.84        22
       31.0       0.84      0.88      0.86        24
       32.0       0.95      0.91      0.93        22
       33.0       0.75      0.48      0.59        25
       34.0       0.56      0.89      0.68        28
       35.0       0.79      0.70      0.75        27
       36.0       0.94      0.92      0.93        36
       37.0       0.88      1.00      0.93        21
       38.0       0.81      0.85      0.83        26
       39.0       0.81      1.00      0.89        29
       40.0       0.73      0.67      0.70        24
       41.0       0.78      0.78      0.78        23
       42.0       0.84      0.89      0.86        36
       43.0       0.92      0.88      0.90        26
       44.0       0.87      0.93      0.90        14
       45.0       0.89      0.81      0.85        31
       46.0       0.62      0.71      0.67        28
       47.0       0.92      0.86      0.89        28
       48.0       0.75      0.88      0.81        24
       49.0       0.80      0.70      0.74        23
       50.0       0.92      0.87      0.89        52
       51.0       0.82      0.88      0.85        26
       52.0       1.00      0.96      0.98        24
       53.0       1.00      0.86      0.93        29
       54.0       0.89      0.74      0.81        23
       55.0       0.89      0.86      0.87        28
       56.0       1.00      1.00      1.00        14
       57.0       1.00      0.92      0.96        25
       58.0       1.00      0.91      0.95        22
       59.0       0.84      0.87      0.86        31
       60.0       0.83      0.83      0.83        24
       61.0       0.57      0.85      0.68        20
       62.0       0.62      0.73      0.67        33
       63.0       0.75      0.78      0.77        23
       64.0       0.86      0.73      0.79        26
       65.0       1.00      1.00      1.00        19
       66.0       0.89      0.89      0.89        36
       67.0       0.88      0.92      0.90       200
       68.0       0.71      0.80      0.75        25
       69.0       0.83      0.80      0.82        25
       70.0       0.89      0.76      0.82        33
       71.0       0.69      0.87      0.77        23
       72.0       0.68      0.63      0.65        27
       73.0       0.75      0.82      0.78        22
       74.0       0.96      0.92      0.94        25
       75.0       0.86      0.78      0.82        23
       76.0       0.95      0.83      0.89        24
       77.0       0.76      0.76      0.76        25
       78.0       0.82      0.92      0.87        25
       79.0       0.86      0.67      0.75        27
       80.0       0.81      0.85      0.83        26
       81.0       0.92      0.96      0.94        24
       82.0       0.96      0.92      0.94        24
       83.0       1.00      0.81      0.89        31
       84.0       0.85      1.00      0.92        23
       85.0       0.92      0.92      0.92        25
       86.0       1.00      0.48      0.65        23
       87.0       0.79      0.76      0.78        25
       88.0       0.75      0.78      0.76        27
       89.0       0.84      0.91      0.87        45
       90.0       1.00      0.72      0.84        25
       91.0       0.82      0.97      0.89        32
       92.0       0.88      0.88      0.88        34
       93.0       0.81      0.70      0.75        30
       94.0       0.93      0.75      0.83        36
       95.0       0.96      0.93      0.95        28
       96.0       0.69      0.78      0.73        23
       97.0       1.00      0.77      0.87        22
       98.0       0.85      0.46      0.59        24
       99.0       0.84      0.95      0.89        22

avg / total       0.85      0.84      0.84      2884



For 3 fold the results are as follows:
             precision    recall  f1-score   support

        0.0       0.83      0.80      0.81        30
        1.0       0.80      0.86      0.83        42
        2.0       0.92      0.96      0.94        23
        3.0       0.97      0.97      0.97        40
        4.0       0.67      0.41      0.51        29
        5.0       0.91      0.85      0.88        46
        6.0       0.62      0.73      0.67        22
        7.0       0.84      0.88      0.86        24
        8.0       1.00      0.96      0.98        27
        9.0       0.87      0.59      0.70        22
       10.0       1.00      0.61      0.76        23
       11.0       0.83      0.90      0.86        21
       12.0       0.82      0.78      0.80        36
       13.0       0.90      0.90      0.90        30
       14.0       0.79      0.96      0.87        24
       15.0       0.66      0.81      0.72        26
       16.0       0.82      0.78      0.80        23
       17.0       0.73      0.76      0.75        25
       18.0       0.80      0.96      0.87        25
       19.0       0.93      0.89      0.91        64
       20.0       0.90      0.96      0.93        28
       21.0       0.83      0.89      0.86        28
       22.0       0.67      0.91      0.77        22
       23.0       0.94      0.94      0.94        32
       24.0       1.00      0.76      0.86        21
       25.0       0.83      0.86      0.85        29
       26.0       0.96      0.88      0.92        25
       27.0       0.72      0.50      0.59        26
       28.0       0.70      0.76      0.73        21
       29.0       0.88      0.96      0.92        23
       30.0       0.95      0.91      0.93        22
       31.0       0.88      0.29      0.44        24
       32.0       0.80      0.73      0.76        22
       33.0       0.62      0.60      0.61        25
       34.0       0.68      0.75      0.71        28
       35.0       0.83      0.89      0.86        27
       36.0       0.91      0.83      0.87        36
       37.0       0.90      0.90      0.90        20
       38.0       0.80      0.92      0.86        26
       39.0       1.00      0.93      0.96        29
       40.0       0.75      0.62      0.68        24
       41.0       0.89      0.70      0.78        23
       42.0       1.00      0.86      0.93        36
       43.0       1.00      0.73      0.84        26
       44.0       1.00      0.86      0.92        14
       45.0       0.78      0.81      0.79        31
       46.0       0.63      0.63      0.63        27
       47.0       1.00      0.82      0.90        28
       48.0       0.91      0.88      0.89        24
       49.0       0.72      0.91      0.81        23
       50.0       0.98      0.98      0.98        51
       51.0       0.86      0.96      0.91        25
       52.0       0.86      1.00      0.92        24
       53.0       0.79      0.93      0.86        29
       54.0       0.72      0.91      0.81        23
       55.0       0.82      1.00      0.90        27
       56.0       1.00      0.93      0.96        14
       57.0       1.00      0.88      0.94        25
       58.0       0.91      0.95      0.93        22
       59.0       1.00      0.90      0.95        31
       60.0       0.81      0.91      0.86        23
       61.0       0.76      0.80      0.78        20
       62.0       0.64      0.76      0.69        33
       63.0       0.83      0.83      0.83        23
       64.0       0.72      0.69      0.71        26
       65.0       0.90      1.00      0.95        19
       66.0       0.91      0.89      0.90        36
       67.0       0.90      0.94      0.92       200
       68.0       0.89      0.71      0.79        24
       69.0       0.75      0.72      0.73        25
       70.0       0.81      0.88      0.84        33
       71.0       0.77      0.74      0.76        23
       72.0       0.65      0.63      0.64        27
       73.0       0.82      0.64      0.72        22
       74.0       0.86      0.96      0.91        25
       75.0       0.85      1.00      0.92        22
       76.0       0.64      0.67      0.65        24
       77.0       0.74      0.83      0.78        24
       78.0       0.95      0.80      0.87        25
       79.0       0.80      0.77      0.78        26
       80.0       0.69      0.69      0.69        26
       81.0       0.91      0.87      0.89        23
       82.0       0.88      1.00      0.94        23
       83.0       0.91      1.00      0.95        31
       84.0       0.69      0.87      0.77        23
       85.0       0.95      0.75      0.84        24
       86.0       0.78      0.64      0.70        22
       87.0       0.92      0.92      0.92        25
       88.0       0.86      0.73      0.79        26
       89.0       0.95      0.93      0.94        45
       90.0       0.90      0.75      0.82        24
       91.0       0.78      0.88      0.82        32
       92.0       0.89      0.97      0.93        34
       93.0       0.77      0.90      0.83        30
       94.0       0.84      0.89      0.86        35
       95.0       1.00      0.93      0.96        28
       96.0       0.67      0.91      0.77        22
       97.0       0.78      1.00      0.88        21
       98.0       0.67      0.58      0.62        24
       99.0       0.80      0.73      0.76        22

avg / total       0.85      0.84      0.84      2863



For 4 fold the results are as follows:
             precision    recall  f1-score   support

        0.0       0.85      0.73      0.79        30
        1.0       0.82      0.88      0.85        42
        2.0       0.95      0.87      0.91        23
        3.0       0.97      0.85      0.91        40
        4.0       0.60      0.83      0.70        29
        5.0       0.95      0.80      0.87        46
        6.0       0.81      0.77      0.79        22
        7.0       0.90      0.75      0.82        24
        8.0       1.00      0.93      0.96        27
        9.0       0.74      0.91      0.82        22
       10.0       0.77      1.00      0.87        23
       11.0       0.95      0.90      0.92        20
       12.0       0.87      0.94      0.91        36
       13.0       0.88      0.93      0.90        30
       14.0       0.95      0.91      0.93        23
       15.0       0.63      0.85      0.72        26
       16.0       0.81      0.91      0.86        23
       17.0       0.79      0.76      0.78        25
       18.0       0.96      0.96      0.96        25
       19.0       0.83      0.86      0.85        64
       20.0       0.90      0.93      0.91        28
       21.0       0.79      0.96      0.87        28
       22.0       0.90      0.86      0.88        22
       23.0       1.00      0.97      0.98        32
       24.0       1.00      0.90      0.95        21
       25.0       0.97      0.97      0.97        29
       26.0       1.00      0.76      0.86        25
       27.0       0.64      0.88      0.74        26
       28.0       0.75      0.71      0.73        21
       29.0       0.94      0.77      0.85        22
       30.0       0.90      0.86      0.88        22
       31.0       0.81      0.54      0.65        24
       32.0       0.77      0.81      0.79        21
       33.0       0.78      0.84      0.81        25
       34.0       0.72      0.46      0.57        28
       35.0       0.83      0.70      0.76        27
       36.0       0.88      0.83      0.86        36
       37.0       0.95      1.00      0.98        20
       38.0       0.91      0.81      0.86        26
       39.0       0.82      0.93      0.87        29
       40.0       0.51      0.79      0.62        24
       41.0       0.59      0.96      0.73        23
       42.0       0.80      0.80      0.80        35
       43.0       0.78      0.96      0.86        26
       44.0       1.00      0.86      0.92        14
       45.0       0.87      0.87      0.87        31
       46.0       0.72      0.78      0.75        27
       47.0       0.89      0.89      0.89        27
       48.0       0.75      0.78      0.77        23
       49.0       0.88      0.65      0.75        23
       50.0       0.85      0.90      0.88        51
       51.0       0.92      0.88      0.90        25
       52.0       0.88      0.92      0.90        24
       53.0       1.00      0.72      0.84        29
       54.0       0.83      0.83      0.83        23
       55.0       0.86      0.93      0.89        27
       56.0       0.70      1.00      0.82        14
       57.0       1.00      0.96      0.98        25
       58.0       0.75      0.95      0.84        22
       59.0       0.87      0.87      0.87        30
       60.0       0.95      0.91      0.93        23
       61.0       0.72      0.65      0.68        20
       62.0       0.79      0.70      0.74        33
       63.0       0.81      0.77      0.79        22
       64.0       0.91      0.81      0.86        26
       65.0       1.00      0.95      0.97        19
       66.0       0.88      0.78      0.82        36
       67.0       0.91      0.90      0.91       200
       68.0       0.66      0.79      0.72        24
       69.0       0.77      0.80      0.78        25
       70.0       0.72      0.85      0.78        33
       71.0       0.90      0.78      0.84        23
       72.0       1.00      0.59      0.74        27
       73.0       0.57      0.91      0.70        22
       74.0       0.83      0.96      0.89        25
       75.0       0.95      0.95      0.95        22
       76.0       0.94      0.67      0.78        24
       77.0       0.67      0.58      0.62        24
       78.0       0.87      0.83      0.85        24
       79.0       0.79      0.73      0.76        26
       80.0       0.86      0.73      0.79        26
       81.0       0.90      0.78      0.84        23
       82.0       0.92      1.00      0.96        23
       83.0       1.00      0.87      0.93        30
       84.0       0.88      0.95      0.91        22
       85.0       0.87      0.83      0.85        24
       86.0       0.74      0.64      0.68        22
       87.0       0.83      0.96      0.89        25
       88.0       0.83      0.73      0.78        26
       89.0       0.91      0.91      0.91        45
       90.0       0.89      0.71      0.79        24
       91.0       0.81      0.78      0.79        32
       92.0       0.89      0.94      0.91        33
       93.0       0.80      0.97      0.88        29
       94.0       0.83      0.83      0.83        35
       95.0       0.96      0.86      0.91        28
       96.0       0.63      0.77      0.69        22
       97.0       0.95      0.86      0.90        21
       98.0       0.64      0.58      0.61        24
       99.0       0.93      0.59      0.72        22

avg / total       0.85      0.84      0.84      2849



For 5 fold the results are as follows:
             precision    recall  f1-score   support

        0.0       0.93      0.90      0.92        30
        1.0       0.84      0.90      0.87        42
        2.0       0.95      0.87      0.91        23
        3.0       0.92      0.85      0.88        40
        4.0       0.58      0.76      0.66        29
        5.0       0.84      0.91      0.87        46
        6.0       0.63      0.86      0.73        22
        7.0       0.76      0.92      0.83        24
        8.0       0.93      0.96      0.95        27
        9.0       1.00      0.68      0.81        22
       10.0       0.66      0.83      0.73        23
       11.0       0.86      0.95      0.90        20
       12.0       0.94      0.92      0.93        36
       13.0       1.00      0.93      0.97        30
       14.0       0.95      0.87      0.91        23
       15.0       0.69      0.69      0.69        26
       16.0       0.91      0.91      0.91        23
       17.0       0.59      0.67      0.63        24
       18.0       0.88      0.84      0.86        25
       19.0       0.89      0.89      0.89        64
       20.0       0.84      0.96      0.90        28
       21.0       1.00      0.86      0.92        28
       22.0       0.94      0.77      0.85        22
       23.0       1.00      0.91      0.95        32
       24.0       0.95      0.90      0.93        21
       25.0       0.96      0.79      0.86        28
       26.0       0.88      0.88      0.88        25
       27.0       0.89      0.65      0.76        26
       28.0       0.76      0.76      0.76        21
       29.0       0.87      0.91      0.89        22
       30.0       1.00      0.68      0.81        22
       31.0       0.81      0.71      0.76        24
       32.0       0.81      0.81      0.81        21
       33.0       0.61      0.56      0.58        25
       34.0       0.91      0.75      0.82        28
       35.0       0.69      0.89      0.77        27
       36.0       0.92      0.94      0.93        36
       37.0       1.00      0.95      0.97        20
       38.0       0.85      0.88      0.87        26
       39.0       0.82      0.82      0.82        28
       40.0       0.75      0.50      0.60        24
       41.0       0.75      0.78      0.77        23
       42.0       0.83      0.86      0.85        35
       43.0       0.85      0.92      0.88        25
       44.0       0.71      0.86      0.77        14
       45.0       0.77      0.90      0.83        30
       46.0       0.81      0.48      0.60        27
       47.0       0.87      1.00      0.93        27
       48.0       0.95      0.87      0.91        23
       49.0       0.77      0.77      0.77        22
       50.0       0.94      0.90      0.92        51
       51.0       0.89      1.00      0.94        25
       52.0       0.95      0.87      0.91        23
       53.0       0.94      1.00      0.97        29
       54.0       0.90      0.86      0.88        22
       55.0       0.84      0.96      0.90        27
       56.0       0.88      1.00      0.93        14
       57.0       0.96      0.96      0.96        24
       58.0       0.95      0.95      0.95        22
       59.0       0.83      0.97      0.89        30
       60.0       1.00      0.83      0.90        23
       61.0       0.78      0.90      0.84        20
       62.0       0.76      0.67      0.71        33
       63.0       0.79      0.68      0.73        22
       64.0       0.77      0.80      0.78        25
       65.0       0.77      0.94      0.85        18
       66.0       0.97      0.78      0.86        36
       67.0       0.94      0.92      0.93       200
       68.0       0.72      0.75      0.73        24
       69.0       0.75      0.72      0.73        25
       70.0       0.64      0.88      0.74        32
       71.0       0.89      0.73      0.80        22
       72.0       0.83      0.89      0.86        27
       73.0       0.69      0.52      0.59        21
       74.0       0.92      0.96      0.94        25
       75.0       0.95      0.82      0.88        22
       76.0       0.84      0.88      0.86        24
       77.0       0.90      0.75      0.82        24
       78.0       0.78      0.88      0.82        24
       79.0       0.79      0.88      0.84        26
       80.0       0.78      0.54      0.64        26
       81.0       0.78      0.78      0.78        23
       82.0       0.96      1.00      0.98        23
       83.0       1.00      0.97      0.98        30
       84.0       0.94      0.77      0.85        22
       85.0       0.95      0.83      0.89        24
       86.0       0.62      0.68      0.65        22
       87.0       0.92      0.96      0.94        24
       88.0       0.71      0.85      0.77        26
       89.0       0.93      0.93      0.93        45
       90.0       0.96      0.96      0.96        24
       91.0       0.78      0.81      0.79        31
       92.0       0.89      0.97      0.93        33
       93.0       0.75      0.93      0.83        29
       94.0       0.74      0.91      0.82        35
       95.0       1.00      0.96      0.98        27
       96.0       0.79      0.68      0.73        22
       97.0       0.88      1.00      0.93        21
       98.0       0.75      0.75      0.75        24
       99.0       1.00      0.82      0.90        22

avg / total       0.86      0.85      0.85      2832



ishu@ishu:~/Docum