ssifier_grid.py 
For 1 fold the results are as follows:
             precision    recall  f1-score   support

        0.0       0.81      0.83      0.82        30
        1.0       0.97      0.88      0.93        43
        2.0       1.00      1.00      1.00        23
        3.0       0.92      0.85      0.88        40
        4.0       0.76      0.90      0.83        29
        5.0       0.92      0.96      0.94        47
        6.0       0.83      0.68      0.75        22
        7.0       0.94      0.71      0.81        24
        8.0       0.96      0.96      0.96        27
        9.0       0.89      0.74      0.81        23
       10.0       0.90      0.75      0.82        24
       11.0       0.80      0.95      0.87        21
       12.0       0.91      0.89      0.90        36
       13.0       0.94      1.00      0.97        30
       14.0       0.84      0.88      0.86        24
       15.0       0.87      0.77      0.82        26
       16.0       0.77      0.87      0.82        23
       17.0       0.65      0.88      0.75        25
       18.0       0.86      0.92      0.89        26
       19.0       0.91      0.94      0.92        65
       20.0       0.96      0.89      0.93        28
       21.0       0.87      0.93      0.90        29
       22.0       0.77      0.87      0.82        23
       23.0       0.97      0.88      0.92        33
       24.0       1.00      0.95      0.98        22
       25.0       0.87      0.93      0.90        29
       26.0       0.85      0.92      0.88        25
       27.0       0.76      0.81      0.79        27
       28.0       0.77      0.81      0.79        21
       29.0       0.95      0.87      0.91        23
       30.0       0.91      0.95      0.93        22
       31.0       0.78      0.75      0.77        24
       32.0       0.77      0.91      0.83        22
       33.0       0.68      0.68      0.68        25
       34.0       0.71      0.76      0.73        29
       35.0       0.81      0.78      0.79        27
       36.0       0.89      0.92      0.90        36
       37.0       0.95      0.95      0.95        21
       38.0       0.92      0.92      0.92        26
       39.0       0.87      0.93      0.90        29
       40.0       0.77      0.68      0.72        25
       41.0       0.90      0.83      0.86        23
       42.0       0.91      0.89      0.90        36
       43.0       0.92      0.85      0.88        26
       44.0       0.88      0.93      0.90        15
       45.0       0.88      0.90      0.89        31
       46.0       0.72      0.64      0.68        28
       47.0       0.90      0.93      0.91        28
       48.0       0.85      0.96      0.90        24
       49.0       0.81      0.74      0.77        23
       50.0       0.94      0.88      0.91        52
       51.0       0.93      0.96      0.94        26
       52.0       0.91      0.88      0.89        24
       53.0       0.90      0.93      0.92        29
       54.0       0.72      0.91      0.81        23
       55.0       0.90      0.93      0.91        28
       56.0       0.92      0.80      0.86        15
       57.0       0.92      0.92      0.92        25
       58.0       0.91      0.87      0.89        23
       59.0       0.85      0.94      0.89        31
       60.0       1.00      0.96      0.98        24
       61.0       0.82      0.90      0.86        20
       62.0       0.79      0.76      0.78        34
       63.0       0.95      0.78      0.86        23
       64.0       0.69      0.85      0.76        26
       65.0       1.00      0.89      0.94        19
       66.0       0.92      0.92      0.92        36
       67.0       0.97      0.93      0.95       200
       68.0       0.95      0.84      0.89        25
       69.0       0.79      0.88      0.84        26
       70.0       0.84      0.79      0.81        33
       71.0       0.77      0.74      0.76        23
       72.0       0.82      0.82      0.82        28
       73.0       0.90      0.82      0.86        22
       74.0       0.89      0.96      0.93        26
       75.0       0.90      0.83      0.86        23
       76.0       0.87      0.80      0.83        25
       77.0       0.81      0.84      0.82        25
       78.0       0.80      0.80      0.80        25
       79.0       0.82      0.85      0.84        27
       80.0       0.80      0.89      0.84        27
       81.0       0.88      0.88      0.88        24
       82.0       1.00      0.92      0.96        24
       83.0       0.97      1.00      0.98        31
       84.0       0.88      0.96      0.92        23
       85.0       0.83      0.80      0.82        25
       86.0       0.80      0.52      0.63        23
       87.0       0.82      0.92      0.87        25
       88.0       0.95      0.67      0.78        27
       89.0       0.95      0.87      0.91        45
       90.0       0.85      0.88      0.86        25
       91.0       0.90      0.88      0.89        32
       92.0       0.97      0.94      0.96        34
       93.0       0.93      0.87      0.90        30
       94.0       0.80      0.92      0.86        36
       95.0       0.93      0.96      0.95        28
       96.0       0.65      0.87      0.74        23
       97.0       0.91      0.95      0.93        22
       98.0       0.54      0.58      0.56        24
       99.0       0.83      0.86      0.84        22

avg / total       0.87      0.87      0.87      2904



For 2 fold the results are as follows:
             precision    recall  f1-score   support

        0.0       0.77      0.80      0.79        30
        1.0       0.93      0.88      0.90        42
        2.0       1.00      0.91      0.95        23
        3.0       1.00      0.93      0.96        40
        4.0       0.76      0.55      0.64        29
        5.0       0.92      0.78      0.85        46
        6.0       0.75      0.82      0.78        22
        7.0       0.83      1.00      0.91        24
        8.0       0.96      0.89      0.92        27
        9.0       0.70      0.61      0.65        23
       10.0       0.91      0.91      0.91        23
       11.0       0.91      0.95      0.93        21
       12.0       0.97      0.86      0.91        36
       13.0       0.96      0.87      0.91        30
       14.0       0.87      0.83      0.85        24
       15.0       0.89      0.65      0.76        26
       16.0       0.83      0.87      0.85        23
       17.0       0.92      0.92      0.92        25
       18.0       0.88      0.84      0.86        25
       19.0       0.86      0.94      0.90        65
       20.0       0.90      0.96      0.93        28
       21.0       0.83      0.89      0.86        28
       22.0       0.83      0.86      0.84        22
       23.0       0.97      1.00      0.98        32
       24.0       1.00      1.00      1.00        21
       25.0       0.93      0.93      0.93        29
       26.0       0.89      0.96      0.92        25
       27.0       0.90      0.73      0.81        26
       28.0       0.67      0.76      0.71        21
       29.0       0.92      0.96      0.94        23
       30.0       0.90      0.86      0.88        22
       31.0       0.86      0.79      0.83        24
       32.0       1.00      0.77      0.87        22
       33.0       0.71      0.80      0.75        25
       34.0       0.76      0.79      0.77        28
       35.0       0.85      0.85      0.85        27
       36.0       0.97      1.00      0.99        36
       37.0       1.00      0.86      0.92        21
       38.0       0.86      0.96      0.91        26
       39.0       0.93      0.86      0.89        29
       40.0       0.77      0.83      0.80        24
       41.0       0.74      0.74      0.74        23
       42.0       0.74      0.81      0.77        36
       43.0       0.92      0.92      0.92        26
       44.0       0.76      0.93      0.84        14
       45.0       0.88      0.74      0.81        31
       46.0       0.78      0.75      0.76        28
       47.0       0.96      0.96      0.96        28
       48.0       0.88      0.96      0.92        24
       49.0       0.72      0.78      0.75        23
       50.0       0.93      0.96      0.94        52
       51.0       0.88      0.81      0.84        26
       52.0       0.88      0.96      0.92        24
       53.0       0.93      0.93      0.93        29
       54.0       0.72      0.91      0.81        23
       55.0       0.97      1.00      0.98        28
       56.0       0.82      1.00      0.90        14
       57.0       0.89      0.96      0.92        25
       58.0       0.91      0.91      0.91        22
       59.0       0.89      0.81      0.85        31
       60.0       0.91      0.88      0.89        24
       61.0       0.82      0.90      0.86        20
       62.0       0.82      0.82      0.82        33
       63.0       0.77      0.74      0.76        23
       64.0       0.87      0.77      0.82        26
       65.0       0.90      1.00      0.95        19
       66.0       0.94      0.86      0.90        36
       67.0       0.92      0.92      0.92       200
       68.0       0.70      0.76      0.73        25
       69.0       0.78      0.72      0.75        25
       70.0       0.87      0.79      0.83        33
       71.0       0.76      0.83      0.79        23
       72.0       0.74      0.74      0.74        27
       73.0       0.62      0.82      0.71        22
       74.0       0.92      0.96      0.94        25
       75.0       0.88      0.96      0.92        23
       76.0       0.94      0.62      0.75        24
       77.0       0.90      0.72      0.80        25
       78.0       0.91      0.84      0.87        25
       79.0       0.95      0.67      0.78        27
       80.0       0.79      0.88      0.84        26
       81.0       0.83      0.83      0.83        24
       82.0       0.88      0.96      0.92        24
       83.0       0.97      1.00      0.98        31
       84.0       0.96      1.00      0.98        23
       85.0       0.89      1.00      0.94        25
       86.0       0.67      0.70      0.68        23
       87.0       0.83      0.96      0.89        25
       88.0       0.86      0.89      0.87        27
       89.0       0.88      0.93      0.90        45
       90.0       1.00      0.88      0.94        25
       91.0       0.76      0.88      0.81        32
       92.0       0.97      0.88      0.92        34
       93.0       0.67      0.80      0.73        30
       94.0       0.89      0.89      0.89        36
       95.0       0.96      0.89      0.93        28
       96.0       0.65      0.87      0.74        23
       97.0       0.88      0.95      0.91        22
       98.0       0.79      0.62      0.70        24
       99.0       0.96      1.00      0.98        22

avg / total       0.87      0.87      0.87      2884



For 3 fold the results are as follows:
             precision    recall  f1-score   support

        0.0       0.74      0.67      0.70        30
        1.0       0.84      0.86      0.85        42
        2.0       0.91      0.91      0.91        23
        3.0       0.97      0.88      0.92        40
        4.0       0.81      0.72      0.76        29
        5.0       0.88      0.93      0.91        46
        6.0       0.90      0.86      0.88        22
        7.0       1.00      0.88      0.93        24
        8.0       0.96      0.96      0.96        27
        9.0       0.73      0.86      0.79        22
       10.0       0.76      0.83      0.79        23
       11.0       0.87      0.95      0.91        21
       12.0       0.88      0.97      0.92        36
       13.0       0.96      0.90      0.93        30
       14.0       0.83      0.83      0.83        24
       15.0       0.73      0.85      0.79        26
       16.0       0.88      0.96      0.92        23
       17.0       0.77      0.68      0.72        25
       18.0       0.89      0.96      0.92        25
       19.0       0.95      0.92      0.94        64
       20.0       0.83      0.86      0.84        28
       21.0       0.80      0.86      0.83        28
       22.0       0.77      0.91      0.83        22
       23.0       0.94      0.97      0.95        32
       24.0       1.00      0.76      0.86        21
       25.0       0.86      0.83      0.84        29
       26.0       0.92      0.88      0.90        25
       27.0       0.89      0.65      0.76        26
       28.0       0.83      0.95      0.89        21
       29.0       0.91      0.91      0.91        23
       30.0       0.92      1.00      0.96        22
       31.0       0.74      0.83      0.78        24
       32.0       0.78      0.82      0.80        22
       33.0       0.86      0.72      0.78        25
       34.0       0.73      0.79      0.76        28
       35.0       0.92      0.89      0.91        27
       36.0       0.91      0.89      0.90        36
       37.0       1.00      1.00      1.00        20
       38.0       0.84      0.81      0.82        26
       39.0       0.84      0.93      0.89        29
       40.0       0.73      0.67      0.70        24
       41.0       0.81      0.96      0.88        23
       42.0       0.89      0.92      0.90        36
       43.0       0.84      1.00      0.91        26
       44.0       0.93      1.00      0.97        14
       45.0       0.78      0.94      0.85        31
       46.0       0.83      0.70      0.76        27
       47.0       0.93      0.89      0.91        28
       48.0       1.00      0.71      0.83        24
       49.0       0.76      0.70      0.73        23
       50.0       0.92      0.92      0.92        51
       51.0       0.79      0.88      0.83        25
       52.0       0.96      1.00      0.98        24
       53.0       0.83      0.83      0.83        29
       54.0       0.68      0.91      0.78        23
       55.0       1.00      0.85      0.92        27
       56.0       0.93      1.00      0.97        14
       57.0       1.00      0.96      0.98        25
       58.0       0.86      0.86      0.86        22
       59.0       0.90      0.90      0.90        31
       60.0       0.87      0.87      0.87        23
       61.0       0.76      0.80      0.78        20
       62.0       0.79      0.79      0.79        33
       63.0       0.86      0.83      0.84        23
       64.0       0.76      0.73      0.75        26
       65.0       0.86      1.00      0.93        19
       66.0       0.93      0.75      0.83        36
       67.0       0.95      0.92      0.93       200
       68.0       0.86      0.79      0.83        24
       69.0       0.82      0.92      0.87        25
       70.0       0.91      0.91      0.91        33
       71.0       0.85      0.74      0.79        23
       72.0       0.88      0.78      0.82        27
       73.0       0.84      0.73      0.78        22
       74.0       0.96      0.96      0.96        25
       75.0       0.91      0.91      0.91        22
       76.0       0.95      0.88      0.91        24
       77.0       0.73      0.79      0.76        24
       78.0       0.85      0.88      0.86        25
       79.0       0.75      0.69      0.72        26
       80.0       0.64      0.81      0.71        26
       81.0       1.00      0.96      0.98        23
       82.0       0.96      1.00      0.98        23
       83.0       0.93      0.90      0.92        31
       84.0       0.83      0.87      0.85        23
       85.0       0.77      0.96      0.85        24
       86.0       0.89      0.73      0.80        22
       87.0       0.96      0.96      0.96        25
       88.0       0.83      0.73      0.78        26
       89.0       0.95      0.87      0.91        45
       90.0       0.83      0.83      0.83        24
       91.0       0.85      0.91      0.88        32
       92.0       0.97      0.94      0.96        34
       93.0       0.83      0.83      0.83        30
       94.0       0.89      0.91      0.90        35
       95.0       0.93      0.96      0.95        28
       96.0       0.63      0.77      0.69        22
       97.0       0.91      0.95      0.93        21
       98.0       0.68      0.62      0.65        24
       99.0       0.80      0.73      0.76        22

avg / total       0.87      0.87      0.87      2863



For 4 fold the results are as follows:
             precision    recall  f1-score   support

        0.0       1.00      0.67      0.80        30
        1.0       0.76      0.81      0.78        42
        2.0       0.95      0.91      0.93        23
        3.0       0.91      0.97      0.94        40
        4.0       0.68      0.66      0.67        29
        5.0       0.85      0.98      0.91        46
        6.0       0.83      0.86      0.84        22
        7.0       0.91      0.88      0.89        24
        8.0       1.00      1.00      1.00        27
        9.0       0.86      0.86      0.86        22
       10.0       0.78      0.91      0.84        23
       11.0       0.90      0.95      0.93        20
       12.0       0.87      0.94      0.91        36
       13.0       0.93      0.93      0.93        30
       14.0       0.79      0.96      0.86        23
       15.0       0.72      0.88      0.79        26
       16.0       0.84      0.91      0.87        23
       17.0       0.74      0.80      0.77        25
       18.0       0.92      0.88      0.90        25
       19.0       0.98      0.89      0.93        64
       20.0       0.89      0.89      0.89        28
       21.0       0.92      0.82      0.87        28
       22.0       0.82      0.82      0.82        22
       23.0       0.94      0.97      0.95        32
       24.0       0.86      0.90      0.88        21
       25.0       0.96      0.86      0.91        29
       26.0       0.88      0.88      0.88        25
       27.0       0.81      0.85      0.83        26
       28.0       0.85      0.81      0.83        21
       29.0       0.95      0.86      0.90        22
       30.0       0.88      0.95      0.91        22
       31.0       0.90      0.75      0.82        24
       32.0       0.79      0.90      0.84        21
       33.0       0.64      0.72      0.68        25
       34.0       0.74      0.82      0.78        28
       35.0       0.81      0.93      0.86        27
       36.0       0.94      0.92      0.93        36
       37.0       1.00      1.00      1.00        20
       38.0       0.95      0.81      0.88        26
       39.0       0.94      1.00      0.97        29
       40.0       0.76      0.54      0.63        24
       41.0       0.79      0.83      0.81        23
       42.0       0.89      0.91      0.90        35
       43.0       0.92      0.85      0.88        26
       44.0       0.86      0.86      0.86        14
       45.0       0.85      0.90      0.88        31
       46.0       0.75      0.89      0.81        27
       47.0       0.86      0.93      0.89        27
       48.0       0.88      0.91      0.89        23
       49.0       0.94      0.74      0.83        23
       50.0       0.96      0.86      0.91        51
       51.0       0.96      1.00      0.98        25
       52.0       0.96      0.92      0.94        24
       53.0       0.93      0.93      0.93        29
       54.0       0.95      0.78      0.86        23
       55.0       0.96      0.89      0.92        27
       56.0       0.81      0.93      0.87        14
       57.0       1.00      0.92      0.96        25
       58.0       0.95      0.95      0.95        22
       59.0       0.97      0.97      0.97        30
       60.0       0.91      0.91      0.91        23
       61.0       0.78      0.70      0.74        20
       62.0       0.78      0.76      0.77        33
       63.0       0.90      0.86      0.88        22
       64.0       0.66      0.96      0.78        26
       65.0       0.95      0.95      0.95        19
       66.0       0.83      0.83      0.83        36
       67.0       0.96      0.90      0.93       200
       68.0       0.84      0.88      0.86        24
       69.0       0.76      0.76      0.76        25
       70.0       0.84      0.82      0.83        33
       71.0       0.86      0.83      0.84        23
       72.0       0.88      0.85      0.87        27
       73.0       0.75      0.82      0.78        22
       74.0       0.92      0.96      0.94        25
       75.0       0.91      0.91      0.91        22
       76.0       0.86      0.79      0.83        24
       77.0       0.65      0.54      0.59        24
       78.0       0.85      0.92      0.88        24
       79.0       0.85      0.88      0.87        26
       80.0       0.75      0.81      0.78        26
       81.0       0.95      0.78      0.86        23
       82.0       0.85      1.00      0.92        23
       83.0       0.90      0.93      0.92        30
       84.0       0.91      0.91      0.91        22
       85.0       0.92      0.96      0.94        24
       86.0       0.69      0.82      0.75        22
       87.0       0.91      0.84      0.87        25
       88.0       0.69      0.92      0.79        26
       89.0       0.93      0.91      0.92        45
       90.0       0.90      0.75      0.82        24
       91.0       0.93      0.78      0.85        32
       92.0       0.97      0.91      0.94        33
       93.0       0.75      0.72      0.74        29
       94.0       0.93      0.80      0.86        35
       95.0       1.00      0.89      0.94        28
       96.0       0.74      0.77      0.76        22
       97.0       0.91      0.95      0.93        21
       98.0       0.62      0.67      0.64        24
       99.0       0.84      0.95      0.89        22

avg / total       0.87      0.87      0.87      2849



For 5 fold the results are as follows:
             precision    recall  f1-score   support

        0.0       0.89      0.80      0.84        30
        1.0       0.87      0.95      0.91        42
        2.0       0.87      0.87      0.87        23
        3.0       0.90      0.90      0.90        40
        4.0       0.75      0.62      0.68        29
        5.0       0.95      0.76      0.84        46
        6.0       0.79      0.86      0.83        22
        7.0       1.00      0.88      0.93        24
        8.0       0.96      1.00      0.98        27
        9.0       0.91      0.91      0.91        22
       10.0       0.89      0.74      0.81        23
       11.0       0.86      0.90      0.88        20
       12.0       0.94      0.92      0.93        36
       13.0       0.88      0.93      0.90        30
       14.0       0.92      0.96      0.94        23
       15.0       0.72      0.81      0.76        26
       16.0       0.88      1.00      0.94        23
       17.0       0.88      0.62      0.73        24
       18.0       0.96      0.92      0.94        25
       19.0       0.89      0.92      0.91        64
       20.0       0.84      0.93      0.88        28
       21.0       0.79      0.93      0.85        28
       22.0       0.95      0.86      0.90        22
       23.0       0.94      0.97      0.95        32
       24.0       0.95      0.95      0.95        21
       25.0       0.93      0.93      0.93        28
       26.0       0.85      0.92      0.88        25
       27.0       0.71      0.96      0.82        26
       28.0       1.00      0.57      0.73        21
       29.0       0.95      0.91      0.93        22
       30.0       0.83      0.91      0.87        22
       31.0       0.69      0.75      0.72        24
       32.0       1.00      0.81      0.89        21
       33.0       0.83      0.60      0.70        25
       34.0       0.66      0.68      0.67        28
       35.0       0.84      0.96      0.90        27
       36.0       0.88      1.00      0.94        36
       37.0       0.95      1.00      0.98        20
       38.0       0.84      0.81      0.82        26
       39.0       0.84      0.93      0.88        28
       40.0       0.65      0.71      0.68        24
       41.0       0.86      0.78      0.82        23
       42.0       0.94      0.86      0.90        35
       43.0       0.95      0.76      0.84        25
       44.0       0.92      0.86      0.89        14
       45.0       0.86      0.83      0.85        30
       46.0       0.71      0.63      0.67        27
       47.0       0.92      0.85      0.88        27
       48.0       0.87      0.87      0.87        23
       49.0       0.80      0.73      0.76        22
       50.0       0.89      0.96      0.92        51
       51.0       0.84      0.84      0.84        25
       52.0       1.00      0.96      0.98        23
       53.0       0.83      0.83      0.83        29
       54.0       0.82      0.82      0.82        22
       55.0       0.93      0.93      0.93        27
       56.0       1.00      0.86      0.92        14
       57.0       0.96      1.00      0.98        24
       58.0       0.95      0.91      0.93        22
       59.0       0.83      0.97      0.89        30
       60.0       0.78      0.91      0.84        23
       61.0       0.73      0.95      0.83        20
       62.0       0.77      0.73      0.75        33
       63.0       0.73      0.86      0.79        22
       64.0       0.72      0.92      0.81        25
       65.0       0.90      1.00      0.95        18
       66.0       0.94      0.89      0.91        36
       67.0       0.95      0.90      0.92       200
       68.0       0.82      0.75      0.78        24
       69.0       0.64      0.72      0.68        25
       70.0       0.82      0.88      0.85        32
       71.0       0.84      0.73      0.78        22
       72.0       0.70      0.78      0.74        27
       73.0       0.85      0.81      0.83        21
       74.0       0.96      0.96      0.96        25
       75.0       0.90      0.82      0.86        22
       76.0       0.85      0.92      0.88        24
       77.0       0.77      0.83      0.80        24
       78.0       0.91      0.83      0.87        24
       79.0       0.72      0.88      0.79        26
       80.0       0.69      0.69      0.69        26
       81.0       0.96      0.96      0.96        23
       82.0       0.96      0.96      0.96        23
       83.0       1.00      0.93      0.97        30
       84.0       0.89      0.77      0.83        22
       85.0       0.81      0.88      0.84        24
       86.0       0.88      0.68      0.77        22
       87.0       0.88      0.92      0.90        24
       88.0       0.79      0.73      0.76        26
       89.0       0.88      1.00      0.94        45
       90.0       0.95      0.83      0.89        24
       91.0       0.79      0.74      0.77        31
       92.0       0.97      0.88      0.92        33
       93.0       0.83      0.86      0.85        29
       94.0       0.86      0.91      0.89        35
       95.0       0.87      1.00      0.93        27
       96.0       0.77      0.77      0.77        22
       97.0       0.86      0.90      0.88        21
       98.0       0.65      0.71      0.68        24
       99.0       0.89      0.73      0.80        22

avg / total       0.87      0.86      0.86      2832

