For alpha  = .1

For 1 fold the results are as follows:
             precision    recall  f1-score   support

        0.0       0.71      0.57      0.63        30
        1.0       0.89      0.79      0.84        43
        2.0       0.91      0.87      0.89        23
        3.0       0.95      0.95      0.95        40
        4.0       0.87      0.45      0.59        29
        5.0       0.73      0.91      0.81        47
        6.0       0.77      0.77      0.77        22
        7.0       0.81      0.71      0.76        24
        8.0       1.00      0.89      0.94        27
        9.0       0.82      0.61      0.70        23
       10.0       0.61      0.71      0.65        24
       11.0       0.87      0.95      0.91        21
       12.0       0.62      0.86      0.72        36
       13.0       0.90      0.93      0.92        30
       14.0       0.87      0.83      0.85        24
       15.0       0.62      0.58      0.60        26
       16.0       0.75      0.91      0.82        23
       17.0       0.83      0.60      0.70        25
       18.0       0.73      0.85      0.79        26
       19.0       0.78      0.95      0.86        65
       20.0       0.79      0.82      0.81        28
       21.0       0.82      0.93      0.87        29
       22.0       0.77      0.87      0.82        23
       23.0       0.91      0.94      0.93        33
       24.0       0.91      0.91      0.91        22
       25.0       0.79      0.79      0.79        29
       26.0       0.84      0.84      0.84        25
       27.0       0.60      0.67      0.63        27
       28.0       0.82      0.86      0.84        21
       29.0       0.83      0.87      0.85        23
       30.0       0.72      0.82      0.77        22
       31.0       0.93      0.54      0.68        24
       32.0       0.82      0.82      0.82        22
       33.0       0.67      0.48      0.56        25
       34.0       0.62      0.34      0.44        29
       35.0       0.72      0.96      0.83        27
       36.0       0.81      0.97      0.89        36
       37.0       0.95      0.90      0.93        21
       38.0       0.83      0.73      0.78        26
       39.0       0.88      0.97      0.92        29
       40.0       0.88      0.56      0.68        25
       41.0       0.59      0.74      0.65        23
       42.0       0.68      0.83      0.75        36
       43.0       0.95      0.81      0.88        26
       44.0       0.79      1.00      0.88        15
       45.0       0.81      0.84      0.83        31
       46.0       0.72      0.82      0.77        28
       47.0       0.90      0.93      0.91        28
       48.0       0.81      0.71      0.76        24
       49.0       0.85      0.48      0.61        23
       50.0       0.92      0.88      0.90        52
       51.0       0.86      0.96      0.91        26
       52.0       1.00      0.92      0.96        24
       53.0       0.79      0.90      0.84        29
       54.0       0.77      0.74      0.76        23
       55.0       0.93      1.00      0.97        28
       56.0       0.93      0.93      0.93        15
       57.0       0.92      0.88      0.90        25
       58.0       0.95      0.83      0.88        23
       59.0       0.80      0.90      0.85        31
       60.0       0.92      0.96      0.94        24
       61.0       0.83      0.75      0.79        20
       62.0       0.63      0.71      0.67        34
       63.0       0.88      0.61      0.72        23
       64.0       0.81      0.65      0.72        26
       65.0       0.95      1.00      0.97        19
       66.0       0.88      0.83      0.86        36
       67.0       0.77      0.94      0.85       200
       68.0       0.75      0.72      0.73        25
       69.0       0.72      0.69      0.71        26
       70.0       0.91      0.88      0.89        33
       71.0       1.00      0.65      0.79        23
       72.0       0.75      0.64      0.69        28
       73.0       0.72      0.59      0.65        22
       74.0       0.89      0.96      0.93        26
       75.0       1.00      0.87      0.93        23
       76.0       0.88      0.84      0.86        25
       77.0       0.82      0.56      0.67        25
       78.0       0.91      0.84      0.87        25
       79.0       0.95      0.74      0.83        27
       80.0       0.70      0.59      0.64        27
       81.0       0.96      0.92      0.94        24
       82.0       0.88      0.88      0.88        24
       83.0       0.90      0.90      0.90        31
       84.0       0.78      0.91      0.84        23
       85.0       0.66      0.76      0.70        25
       86.0       0.85      0.48      0.61        23
       87.0       0.86      0.96      0.91        25
       88.0       0.70      0.59      0.64        27
       89.0       0.79      0.93      0.86        45
       90.0       0.95      0.84      0.89        25
       91.0       0.70      0.81      0.75        32
       92.0       0.97      0.91      0.94        34
       93.0       0.75      0.70      0.72        30
       94.0       0.73      0.97      0.83        36
       95.0       1.00      0.79      0.88        28
       96.0       0.73      0.70      0.71        23
       97.0       0.95      0.95      0.95        22
       98.0       0.67      0.42      0.51        24
       99.0       0.78      0.64      0.70        22

avg / total       0.82      0.81      0.81      2904



For 2 fold the results are as follows:
             precision    recall  f1-score   support

        0.0       0.74      0.77      0.75        30
        1.0       0.78      0.93      0.85        42
        2.0       1.00      0.87      0.93        23
        3.0       0.89      0.85      0.87        40
        4.0       0.70      0.24      0.36        29
        5.0       0.72      0.83      0.77        46
        6.0       0.83      0.68      0.75        22
        7.0       0.92      0.92      0.92        24
        8.0       0.96      1.00      0.98        27
        9.0       0.88      0.61      0.72        23
       10.0       0.86      0.52      0.65        23
       11.0       0.83      0.95      0.89        21
       12.0       0.75      0.92      0.83        36
       13.0       0.93      0.90      0.92        30
       14.0       0.78      0.88      0.82        24
       15.0       0.61      0.65      0.63        26
       16.0       0.89      0.70      0.78        23
       17.0       0.53      0.64      0.58        25
       18.0       0.78      0.84      0.81        25
       19.0       0.74      0.94      0.83        65
       20.0       0.77      0.86      0.81        28
       21.0       0.77      0.86      0.81        28
       22.0       0.69      0.82      0.75        22
       23.0       0.93      0.88      0.90        32
       24.0       0.95      0.95      0.95        21
       25.0       0.84      0.93      0.89        29
       26.0       0.96      0.96      0.96        25
       27.0       0.56      0.73      0.63        26
       28.0       0.75      0.86      0.80        21
       29.0       0.95      0.83      0.88        23
       30.0       0.95      0.82      0.88        22
       31.0       0.55      0.46      0.50        24
       32.0       0.87      0.91      0.89        22
       33.0       0.63      0.48      0.55        25
       34.0       0.57      0.57      0.57        28
       35.0       0.79      0.81      0.80        27
       36.0       0.89      0.86      0.87        36
       37.0       0.95      0.90      0.93        21
       38.0       0.83      0.73      0.78        26
       39.0       1.00      0.90      0.95        29
       40.0       0.82      0.38      0.51        24
       41.0       0.73      0.70      0.71        23
       42.0       0.87      0.92      0.89        36
       43.0       0.95      0.69      0.80        26
       44.0       0.87      0.93      0.90        14
       45.0       0.86      0.81      0.83        31
       46.0       0.62      0.54      0.58        28
       47.0       0.96      0.93      0.95        28
       48.0       0.78      0.88      0.82        24
       49.0       0.63      0.52      0.57        23
       50.0       0.77      0.90      0.83        52
       51.0       0.82      0.88      0.85        26
       52.0       0.92      0.96      0.94        24
       53.0       0.84      0.90      0.87        29
       54.0       0.86      0.83      0.84        23
       55.0       0.89      0.89      0.89        28
       56.0       0.85      0.79      0.81        14
       57.0       0.96      0.96      0.96        25
       58.0       0.80      0.91      0.85        22
       59.0       0.88      0.90      0.89        31
       60.0       0.83      0.83      0.83        24
       61.0       0.58      0.55      0.56        20
       62.0       0.62      0.76      0.68        33
       63.0       0.77      0.74      0.76        23
       64.0       0.70      0.62      0.65        26
       65.0       0.82      0.95      0.88        19
       66.0       0.86      0.67      0.75        36
       67.0       0.76      0.93      0.83       200
       68.0       0.79      0.76      0.78        25
       69.0       0.85      0.68      0.76        25
       70.0       0.86      0.76      0.81        33
       71.0       0.94      0.70      0.80        23
       72.0       0.72      0.67      0.69        27
       73.0       0.89      0.73      0.80        22
       74.0       0.85      0.92      0.88        25
       75.0       0.96      0.96      0.96        23
       76.0       0.81      0.71      0.76        24
       77.0       0.68      0.60      0.64        25
       78.0       0.90      0.76      0.83        25
       79.0       0.95      0.70      0.81        27
       80.0       0.73      0.73      0.73        26
       81.0       0.71      0.83      0.77        24
       82.0       1.00      0.96      0.98        24
       83.0       0.86      1.00      0.93        31
       84.0       0.78      0.91      0.84        23
       85.0       0.77      0.80      0.78        25
       86.0       0.77      0.43      0.56        23
       87.0       0.88      0.92      0.90        25
       88.0       0.73      0.70      0.72        27
       89.0       0.82      0.93      0.87        45
       90.0       0.88      0.60      0.71        25
       91.0       0.74      0.81      0.78        32
       92.0       0.97      0.88      0.92        34
       93.0       0.77      0.67      0.71        30
       94.0       0.64      0.89      0.74        36
       95.0       0.96      0.93      0.95        28
       96.0       0.70      0.70      0.70        23
       97.0       0.77      0.91      0.83        22
       98.0       0.82      0.38      0.51        24
       99.0       0.85      0.77      0.81        22

avg / total       0.81      0.80      0.80      2884



For 3 fold the results are as follows:
             precision    recall  f1-score   support

        0.0       0.78      0.70      0.74        30
        1.0       0.82      0.88      0.85        42
        2.0       0.95      0.87      0.91        23
        3.0       1.00      0.90      0.95        40
        4.0       0.79      0.38      0.51        29
        5.0       0.67      0.98      0.80        46
        6.0       0.86      0.55      0.67        22
        7.0       0.89      0.67      0.76        24
        8.0       1.00      1.00      1.00        27
        9.0       0.84      0.73      0.78        22
       10.0       0.77      0.74      0.76        23
       11.0       0.83      0.90      0.86        21
       12.0       0.74      0.89      0.81        36
       13.0       0.94      0.97      0.95        30
       14.0       0.88      0.88      0.88        24
       15.0       0.65      0.65      0.65        26
       16.0       0.83      0.83      0.83        23
       17.0       0.69      0.80      0.74        25
       18.0       0.76      0.88      0.81        25
       19.0       0.77      0.94      0.85        64
       20.0       0.83      0.89      0.86        28
       21.0       0.81      0.93      0.87        28
       22.0       0.70      0.95      0.81        22
       23.0       0.93      0.81      0.87        32
       24.0       1.00      1.00      1.00        21
       25.0       0.84      0.93      0.89        29
       26.0       0.88      0.92      0.90        25
       27.0       0.69      0.69      0.69        26
       28.0       0.80      0.57      0.67        21
       29.0       0.87      0.87      0.87        23
       30.0       0.78      0.82      0.80        22
       31.0       0.79      0.62      0.70        24
       32.0       0.74      0.77      0.76        22
       33.0       0.83      0.60      0.70        25
       34.0       0.64      0.57      0.60        28
       35.0       0.79      0.70      0.75        27
       36.0       0.97      0.94      0.96        36
       37.0       1.00      0.95      0.97        20
       38.0       0.85      0.85      0.85        26
       39.0       0.81      0.90      0.85        29
       40.0       0.71      0.42      0.53        24
       41.0       0.77      0.74      0.76        23
       42.0       0.90      0.75      0.82        36
       43.0       0.93      0.96      0.94        26
       44.0       1.00      0.86      0.92        14
       45.0       0.86      0.77      0.81        31
       46.0       0.68      0.70      0.69        27
       47.0       0.90      0.93      0.91        28
       48.0       0.78      0.75      0.77        24
       49.0       0.80      0.70      0.74        23
       50.0       0.92      0.94      0.93        51
       51.0       0.83      0.80      0.82        25
       52.0       0.92      0.96      0.94        24
       53.0       0.84      0.90      0.87        29
       54.0       1.00      0.83      0.90        23
       55.0       0.88      0.85      0.87        27
       56.0       0.93      0.93      0.93        14
       57.0       1.00      0.84      0.91        25
       58.0       0.88      0.95      0.91        22
       59.0       0.91      0.94      0.92        31
       60.0       0.92      1.00      0.96        23
       61.0       0.73      0.55      0.63        20
       62.0       0.64      0.76      0.69        33
       63.0       0.79      0.83      0.81        23
       64.0       0.76      0.73      0.75        26
       65.0       1.00      0.89      0.94        19
       66.0       0.90      0.78      0.84        36
       67.0       0.76      0.93      0.83       200
       68.0       0.77      0.71      0.74        24
       69.0       0.70      0.56      0.62        25
       70.0       0.84      0.82      0.83        33
       71.0       0.78      0.61      0.68        23
       72.0       0.67      0.67      0.67        27
       73.0       0.82      0.82      0.82        22
       74.0       1.00      0.96      0.98        25
       75.0       1.00      0.86      0.93        22
       76.0       0.95      0.88      0.91        24
       77.0       0.85      0.71      0.77        24
       78.0       0.88      0.88      0.88        25
       79.0       0.77      0.77      0.77        26
       80.0       0.85      0.85      0.85        26
       81.0       0.81      0.91      0.86        23
       82.0       0.92      1.00      0.96        23
       83.0       0.87      0.84      0.85        31
       84.0       0.91      0.91      0.91        23
       85.0       0.72      0.88      0.79        24
       86.0       0.80      0.36      0.50        22
       87.0       0.71      0.88      0.79        25
       88.0       0.80      0.62      0.70        26
       89.0       0.81      0.98      0.89        45
       90.0       0.86      0.79      0.83        24
       91.0       0.74      0.91      0.82        32
       92.0       0.97      0.88      0.92        34
       93.0       0.80      0.80      0.80        30
       94.0       0.82      0.94      0.88        35
       95.0       1.00      0.93      0.96        28
       96.0       0.67      0.64      0.65        22
       97.0       0.74      0.81      0.77        21
       98.0       0.59      0.42      0.49        24
       99.0       0.88      0.68      0.77        22

avg / total       0.83      0.82      0.82      2863



For 4 fold the results are as follows:
             precision    recall  f1-score   support

        0.0       0.84      0.70      0.76        30
        1.0       0.93      0.98      0.95        42
        2.0       0.95      0.91      0.93        23
        3.0       0.92      0.82      0.87        40
        4.0       0.54      0.24      0.33        29
        5.0       0.80      0.89      0.85        46
        6.0       0.84      0.73      0.78        22
        7.0       0.91      0.83      0.87        24
        8.0       0.96      0.96      0.96        27
        9.0       0.82      0.64      0.72        22
       10.0       0.83      0.65      0.73        23
       11.0       0.69      0.90      0.78        20
       12.0       0.74      0.89      0.81        36
       13.0       0.93      0.87      0.90        30
       14.0       0.77      0.87      0.82        23
       15.0       0.70      0.81      0.75        26
       16.0       0.86      0.83      0.84        23
       17.0       0.70      0.76      0.73        25
       18.0       0.76      1.00      0.86        25
       19.0       0.83      0.94      0.88        64
       20.0       0.70      0.75      0.72        28
       21.0       0.70      0.82      0.75        28
       22.0       0.77      0.91      0.83        22
       23.0       0.93      0.81      0.87        32
       24.0       0.87      0.95      0.91        21
       25.0       0.96      0.90      0.93        29
       26.0       0.80      0.80      0.80        25
       27.0       0.62      0.69      0.65        26
       28.0       0.65      0.52      0.58        21
       29.0       0.83      0.86      0.84        22
       30.0       0.64      0.82      0.72        22
       31.0       0.76      0.54      0.63        24
       32.0       0.94      0.71      0.81        21
       33.0       0.71      0.48      0.57        25
       34.0       0.64      0.64      0.64        28
       35.0       0.68      0.78      0.72        27
       36.0       0.86      0.89      0.88        36
       37.0       0.95      1.00      0.98        20
       38.0       0.91      0.77      0.83        26
       39.0       0.77      0.83      0.80        29
       40.0       0.64      0.38      0.47        24
       41.0       0.80      0.70      0.74        23
       42.0       0.74      0.71      0.72        35
       43.0       0.88      0.85      0.86        26
       44.0       0.80      0.86      0.83        14
       45.0       0.76      0.81      0.78        31
       46.0       0.74      0.63      0.68        27
       47.0       0.81      0.93      0.86        27
       48.0       0.92      0.96      0.94        23
       49.0       0.67      0.52      0.59        23
       50.0       0.75      0.88      0.81        51
       51.0       0.90      0.76      0.83        25
       52.0       0.92      0.96      0.94        24
       53.0       0.79      0.90      0.84        29
       54.0       0.69      0.78      0.73        23
       55.0       0.96      0.89      0.92        27
       56.0       0.92      0.86      0.89        14
       57.0       0.96      1.00      0.98        25
       58.0       0.60      0.82      0.69        22
       59.0       0.75      0.90      0.82        30
       60.0       0.81      0.91      0.86        23
       61.0       0.89      0.80      0.84        20
       62.0       0.77      0.73      0.75        33
       63.0       0.75      0.82      0.78        22
       64.0       0.83      0.73      0.78        26
       65.0       0.95      1.00      0.97        19
       66.0       0.70      0.86      0.78        36
       67.0       0.81      0.93      0.86       200
       68.0       0.89      0.71      0.79        24
       69.0       0.83      0.76      0.79        25
       70.0       0.65      0.73      0.69        33
       71.0       0.79      0.83      0.81        23
       72.0       0.77      0.85      0.81        27
       73.0       0.70      0.73      0.71        22
       74.0       0.96      0.92      0.94        25
       75.0       0.85      0.77      0.81        22
       76.0       0.71      0.62      0.67        24
       77.0       0.86      0.79      0.83        24
       78.0       0.94      0.62      0.75        24
       79.0       0.81      0.65      0.72        26
       80.0       0.67      0.69      0.68        26
       81.0       0.94      0.74      0.83        23
       82.0       1.00      0.96      0.98        23
       83.0       0.91      0.97      0.94        30
       84.0       0.85      0.77      0.81        22
       85.0       0.68      0.71      0.69        24
       86.0       0.57      0.36      0.44        22
       87.0       0.86      0.96      0.91        25
       88.0       0.67      0.62      0.64        26
       89.0       0.79      0.91      0.85        45
       90.0       0.82      0.75      0.78        24
       91.0       0.79      0.72      0.75        32
       92.0       0.97      0.94      0.95        33
       93.0       0.77      0.79      0.78        29
       94.0       0.75      0.94      0.84        35
       95.0       0.91      0.75      0.82        28
       96.0       0.76      0.59      0.67        22
       97.0       0.83      0.90      0.86        21
       98.0       0.73      0.46      0.56        24
       99.0       0.93      0.64      0.76        22

avg / total       0.80      0.80      0.80      2849



For 5 fold the results are as follows:
             precision    recall  f1-score   support

        0.0       0.81      0.70      0.75        30
        1.0       0.79      0.88      0.83        42
        2.0       1.00      1.00      1.00        23
        3.0       0.97      0.80      0.88        40
        4.0       0.71      0.34      0.47        29
        5.0       0.75      0.83      0.78        46
        6.0       0.89      0.73      0.80        22
        7.0       0.91      0.88      0.89        24
        8.0       0.96      1.00      0.98        27
        9.0       0.89      0.73      0.80        22
       10.0       0.94      0.65      0.77        23
       11.0       0.95      0.90      0.92        20
       12.0       0.73      0.83      0.78        36
       13.0       0.93      0.83      0.88        30
       14.0       0.76      0.70      0.73        23
       15.0       0.78      0.69      0.73        26
       16.0       0.68      0.83      0.75        23
       17.0       0.77      0.71      0.74        24
       18.0       0.75      0.84      0.79        25
       19.0       0.74      0.98      0.85        64
       20.0       0.77      0.96      0.86        28
       21.0       0.92      0.82      0.87        28
       22.0       0.68      0.86      0.76        22
       23.0       0.91      0.91      0.91        32
       24.0       1.00      0.90      0.95        21
       25.0       0.89      0.86      0.87        28
       26.0       0.83      0.96      0.89        25
       27.0       0.71      0.77      0.74        26
       28.0       0.72      0.62      0.67        21
       29.0       0.85      1.00      0.92        22
       30.0       0.83      0.86      0.84        22
       31.0       0.79      0.62      0.70        24
       32.0       0.88      0.67      0.76        21
       33.0       0.83      0.60      0.70        25
       34.0       0.75      0.64      0.69        28
       35.0       0.90      0.70      0.79        27
       36.0       0.77      0.92      0.84        36
       37.0       0.95      1.00      0.98        20
       38.0       0.75      0.81      0.78        26
       39.0       0.92      0.82      0.87        28
       40.0       0.89      0.67      0.76        24
       41.0       0.69      0.87      0.77        23
       42.0       0.84      0.74      0.79        35
       43.0       0.88      0.92      0.90        25
       44.0       1.00      0.86      0.92        14
       45.0       0.83      0.83      0.83        30
       46.0       0.62      0.56      0.59        27
       47.0       0.84      0.78      0.81        27
       48.0       0.83      0.83      0.83        23
       49.0       0.93      0.59      0.72        22
       50.0       0.82      0.96      0.88        51
       51.0       0.85      0.88      0.86        25
       52.0       0.92      0.96      0.94        23
       53.0       0.89      0.86      0.88        29
       54.0       0.64      0.73      0.68        22
       55.0       0.93      0.96      0.95        27
       56.0       0.92      0.79      0.85        14
       57.0       0.96      0.96      0.96        24
       58.0       0.69      0.82      0.75        22
       59.0       0.84      0.87      0.85        30
       60.0       0.95      0.87      0.91        23
       61.0       0.78      0.70      0.74        20
       62.0       0.72      0.70      0.71        33
       63.0       0.78      0.82      0.80        22
       64.0       0.70      0.64      0.67        25
       65.0       0.84      0.89      0.86        18
       66.0       0.84      0.86      0.85        36
       67.0       0.79      0.94      0.86       200
       68.0       0.59      0.54      0.57        24
       69.0       0.94      0.60      0.73        25
       70.0       0.84      0.84      0.84        32
       71.0       0.80      0.91      0.85        22
       72.0       0.83      0.93      0.88        27
       73.0       0.73      0.52      0.61        21
       74.0       0.96      1.00      0.98        25
       75.0       0.86      0.86      0.86        22
       76.0       0.91      0.83      0.87        24
       77.0       0.71      0.50      0.59        24
       78.0       0.78      0.88      0.82        24
       79.0       0.88      0.58      0.70        26
       80.0       0.77      0.65      0.71        26
       81.0       0.84      0.91      0.87        23
       82.0       0.92      0.96      0.94        23
       83.0       0.84      0.90      0.87        30
       84.0       0.70      0.86      0.78        22
       85.0       0.84      0.88      0.86        24
       86.0       0.70      0.32      0.44        22
       87.0       0.73      0.92      0.81        24
       88.0       0.68      0.50      0.58        26
       89.0       0.86      0.96      0.91        45
       90.0       0.84      0.88      0.86        24
       91.0       0.64      0.81      0.71        31
       92.0       0.91      0.88      0.89        33
       93.0       0.81      0.90      0.85        29
       94.0       0.73      0.86      0.79        35
       95.0       0.90      0.96      0.93        27
       96.0       0.65      0.59      0.62        22
       97.0       0.83      0.95      0.89        21
       98.0       0.75      0.38      0.50        24
       99.0       0.94      0.77      0.85        22

avg / total       0.82      0.81      0.81      2832


alpha  = 1


For 1 fold the results are as follows:
             precision    recall  f1-score   support

        0.0       0.90      0.87      0.88        30
        1.0       0.87      0.91      0.89        43
        2.0       1.00      0.91      0.95        23
        3.0       0.89      0.82      0.86        40
        4.0       0.44      0.14      0.21        29
        5.0       0.60      0.89      0.72        47
        6.0       0.76      0.86      0.81        22
        7.0       0.83      0.83      0.83        24
        8.0       0.96      1.00      0.98        27
        9.0       0.79      0.65      0.71        23
       10.0       0.89      0.67      0.76        24
       11.0       0.78      1.00      0.88        21
       12.0       0.73      0.92      0.81        36
       13.0       0.97      0.93      0.95        30
       14.0       0.80      0.83      0.82        24
       15.0       0.64      0.62      0.63        26
       16.0       0.85      0.74      0.79        23
       17.0       0.62      0.72      0.67        25
       18.0       0.71      0.85      0.77        26
       19.0       0.78      0.94      0.85        65
       20.0       0.75      0.86      0.80        28
       21.0       0.82      0.79      0.81        29
       22.0       0.72      0.91      0.81        23
       23.0       0.97      0.85      0.90        33
       24.0       0.90      0.82      0.86        22
       25.0       0.89      0.86      0.88        29
       26.0       0.81      0.84      0.82        25
       27.0       0.75      0.67      0.71        27
       28.0       0.86      0.86      0.86        21
       29.0       0.95      0.83      0.88        23
       30.0       0.68      0.59      0.63        22
       31.0       0.72      0.54      0.62        24
       32.0       0.79      0.86      0.83        22
       33.0       0.71      0.48      0.57        25
       34.0       0.56      0.52      0.54        29
       35.0       0.70      0.70      0.70        27
       36.0       0.85      0.92      0.88        36
       37.0       1.00      0.95      0.98        21
       38.0       0.79      0.73      0.76        26
       39.0       0.90      0.93      0.92        29
       40.0       1.00      0.52      0.68        25
       41.0       0.74      0.74      0.74        23
       42.0       0.87      0.72      0.79        36
       43.0       0.96      0.92      0.94        26
       44.0       0.93      0.93      0.93        15
       45.0       0.86      0.81      0.83        31
       46.0       0.70      0.68      0.69        28
       47.0       0.93      0.96      0.95        28
       48.0       0.73      0.92      0.81        24
       49.0       0.87      0.57      0.68        23
       50.0       0.81      0.88      0.84        52
       51.0       0.77      0.92      0.84        26
       52.0       0.91      0.88      0.89        24
       53.0       0.89      0.86      0.88        29
       54.0       0.79      0.83      0.81        23
       55.0       0.90      0.96      0.93        28
       56.0       0.86      0.80      0.83        15
       57.0       0.95      0.84      0.89        25
       58.0       0.87      0.87      0.87        23
       59.0       0.80      0.90      0.85        31
       60.0       0.91      0.88      0.89        24
       61.0       0.89      0.80      0.84        20
       62.0       0.59      0.71      0.64        34
       63.0       0.74      0.61      0.67        23
       64.0       0.76      0.73      0.75        26
       65.0       1.00      0.95      0.97        19
       66.0       0.88      0.78      0.82        36
       67.0       0.75      0.94      0.84       200
       68.0       0.71      0.60      0.65        25
       69.0       0.85      0.65      0.74        26
       70.0       0.91      0.91      0.91        33
       71.0       0.95      0.78      0.86        23
       72.0       0.68      0.54      0.60        28
       73.0       0.71      0.68      0.70        22
       74.0       0.88      0.88      0.88        26
       75.0       0.95      0.83      0.88        23
       76.0       0.86      0.72      0.78        25
       77.0       0.77      0.68      0.72        25
       78.0       0.86      0.76      0.81        25
       79.0       0.95      0.70      0.81        27
       80.0       0.72      0.78      0.75        27
       81.0       0.88      0.88      0.88        24
       82.0       0.96      0.92      0.94        24
       83.0       0.83      0.97      0.90        31
       84.0       0.95      0.87      0.91        23
       85.0       0.86      0.76      0.81        25
       86.0       0.75      0.52      0.62        23
       87.0       0.85      0.88      0.86        25
       88.0       0.77      0.63      0.69        27
       89.0       0.78      0.93      0.85        45
       90.0       0.81      0.68      0.74        25
       91.0       0.70      0.88      0.78        32
       92.0       0.97      0.88      0.92        34
       93.0       0.70      0.77      0.73        30
       94.0       0.73      0.92      0.81        36
       95.0       0.93      0.96      0.95        28
       96.0       0.77      0.74      0.76        23
       97.0       0.95      0.91      0.93        22
       98.0       0.72      0.54      0.62        24
       99.0       0.79      0.68      0.73        22

avg / total       0.81      0.81      0.80      2904



For 2 fold the results are as follows:
             precision    recall  f1-score   support

        0.0       0.70      0.53      0.60        30
        1.0       0.80      0.83      0.81        42
        2.0       0.95      0.91      0.93        23
        3.0       0.95      0.90      0.92        40
        4.0       0.80      0.41      0.55        29
        5.0       0.73      0.93      0.82        46
        6.0       1.00      0.59      0.74        22
        7.0       1.00      0.83      0.91        24
        8.0       1.00      0.93      0.96        27
        9.0       0.95      0.87      0.91        23
       10.0       0.74      0.61      0.67        23
       11.0       0.81      0.81      0.81        21
       12.0       0.67      0.86      0.76        36
       13.0       0.90      0.93      0.92        30
       14.0       0.87      0.83      0.85        24
       15.0       0.70      0.54      0.61        26
       16.0       0.74      0.87      0.80        23
       17.0       0.59      0.52      0.55        25
       18.0       0.85      0.92      0.88        25
       19.0       0.78      0.97      0.86        65
       20.0       0.77      0.86      0.81        28
       21.0       0.86      0.89      0.88        28
       22.0       0.80      0.91      0.85        22
       23.0       0.94      0.91      0.92        32
       24.0       0.91      1.00      0.95        21
       25.0       0.87      0.93      0.90        29
       26.0       0.88      0.88      0.88        25
       27.0       0.71      0.65      0.68        26
       28.0       0.80      0.57      0.67        21
       29.0       0.83      0.87      0.85        23
       30.0       0.83      0.91      0.87        22
       31.0       0.67      0.50      0.57        24
       32.0       0.81      0.77      0.79        22
       33.0       0.47      0.36      0.41        25
       34.0       0.55      0.57      0.56        28
       35.0       0.77      0.85      0.81        27
       36.0       0.87      0.92      0.89        36
       37.0       0.95      1.00      0.98        21
       38.0       0.79      0.73      0.76        26
       39.0       0.83      0.86      0.85        29
       40.0       0.55      0.25      0.34        24
       41.0       0.66      0.83      0.73        23
       42.0       0.75      0.83      0.79        36
       43.0       0.86      0.73      0.79        26
       44.0       0.86      0.86      0.86        14
       45.0       0.77      0.77      0.77        31
       46.0       0.70      0.57      0.63        28
       47.0       0.82      0.96      0.89        28
       48.0       0.87      0.83      0.85        24
       49.0       0.68      0.65      0.67        23
       50.0       0.90      0.90      0.90        52
       51.0       0.85      0.85      0.85        26
       52.0       1.00      0.96      0.98        24
       53.0       0.83      0.86      0.85        29
       54.0       0.83      0.83      0.83        23
       55.0       0.93      0.93      0.93        28
       56.0       0.85      0.79      0.81        14
       57.0       1.00      0.92      0.96        25
       58.0       0.74      0.77      0.76        22
       59.0       0.85      0.90      0.88        31
       60.0       0.86      1.00      0.92        24
       61.0       0.77      0.50      0.61        20
       62.0       0.76      0.76      0.76        33
       63.0       0.79      0.83      0.81        23
       64.0       0.84      0.62      0.71        26
       65.0       0.95      1.00      0.97        19
       66.0       0.87      0.75      0.81        36
       67.0       0.74      0.96      0.84       200
       68.0       0.74      0.68      0.71        25
       69.0       0.75      0.84      0.79        25
       70.0       0.78      0.88      0.83        33
       71.0       0.85      0.74      0.79        23
       72.0       0.74      0.85      0.79        27
       73.0       0.83      0.68      0.75        22
       74.0       0.92      0.92      0.92        25
       75.0       0.90      0.83      0.86        23
       76.0       0.80      1.00      0.89        24
       77.0       0.80      0.64      0.71        25
       78.0       0.87      0.80      0.83        25
       79.0       0.76      0.59      0.67        27
       80.0       0.70      0.62      0.65        26
       81.0       0.73      0.79      0.76        24
       82.0       0.96      0.92      0.94        24
       83.0       0.91      0.97      0.94        31
       84.0       0.88      0.91      0.89        23
       85.0       0.70      0.92      0.79        25
       86.0       0.70      0.30      0.42        23
       87.0       0.77      0.92      0.84        25
       88.0       0.77      0.74      0.75        27
       89.0       0.85      0.87      0.86        45
       90.0       0.88      0.84      0.86        25
       91.0       0.77      0.62      0.69        32
       92.0       0.91      0.88      0.90        34
       93.0       0.76      0.73      0.75        30
       94.0       0.79      0.83      0.81        36
       95.0       1.00      0.82      0.90        28
       96.0       0.64      0.61      0.62        23
       97.0       0.55      0.82      0.65        22
       98.0       0.92      0.46      0.61        24
       99.0       0.80      0.55      0.65        22

avg / total       0.81      0.80      0.80      2884



For 3 fold the results are as follows:
             precision    recall  f1-score   support

        0.0       0.69      0.67      0.68        30
        1.0       0.80      0.88      0.84        42
        2.0       1.00      0.96      0.98        23
        3.0       0.95      0.90      0.92        40
        4.0       0.77      0.59      0.67        29
        5.0       0.86      0.83      0.84        46
        6.0       0.85      0.50      0.63        22
        7.0       0.86      0.75      0.80        24
        8.0       0.96      0.93      0.94        27
        9.0       0.88      0.64      0.74        22
       10.0       0.89      0.70      0.78        23
       11.0       0.86      0.90      0.88        21
       12.0       0.78      0.86      0.82        36
       13.0       0.90      0.87      0.88        30
       14.0       0.87      0.83      0.85        24
       15.0       0.60      0.69      0.64        26
       16.0       0.81      0.91      0.86        23
       17.0       0.68      0.68      0.68        25
       18.0       0.85      0.88      0.86        25
       19.0       0.81      0.94      0.87        64
       20.0       0.77      0.86      0.81        28
       21.0       0.85      0.79      0.81        28
       22.0       0.68      0.77      0.72        22
       23.0       0.93      0.88      0.90        32
       24.0       0.91      1.00      0.95        21
       25.0       0.92      0.76      0.83        29
       26.0       0.86      0.96      0.91        25
       27.0       0.63      0.85      0.72        26
       28.0       0.79      0.71      0.75        21
       29.0       0.84      0.91      0.87        23
       30.0       1.00      0.95      0.98        22
       31.0       0.74      0.58      0.65        24
       32.0       0.76      0.73      0.74        22
       33.0       0.79      0.60      0.68        25
       34.0       0.67      0.71      0.69        28
       35.0       0.69      0.74      0.71        27
       36.0       0.89      0.86      0.87        36
       37.0       1.00      0.95      0.97        20
       38.0       0.81      0.85      0.83        26
       39.0       0.81      0.90      0.85        29
       40.0       0.72      0.54      0.62        24
       41.0       0.89      0.70      0.78        23
       42.0       0.75      0.92      0.83        36
       43.0       0.88      0.81      0.84        26
       44.0       0.87      0.93      0.90        14
       45.0       0.93      0.90      0.92        31
       46.0       0.52      0.56      0.54        27
       47.0       0.83      0.86      0.84        28
       48.0       0.81      0.88      0.84        24
       49.0       0.69      0.39      0.50        23
       50.0       0.77      0.92      0.84        51
       51.0       0.88      0.92      0.90        25
       52.0       0.92      0.96      0.94        24
       53.0       0.87      0.90      0.88        29
       54.0       0.76      0.83      0.79        23
       55.0       0.93      0.93      0.93        27
       56.0       0.93      0.93      0.93        14
       57.0       0.88      0.92      0.90        25
       58.0       0.76      0.86      0.81        22
       59.0       0.88      0.90      0.89        31
       60.0       0.88      0.91      0.89        23
       61.0       0.67      0.50      0.57        20
       62.0       0.69      0.73      0.71        33
       63.0       0.87      0.87      0.87        23
       64.0       0.85      0.65      0.74        26
       65.0       0.90      0.95      0.92        19
       66.0       0.82      0.86      0.84        36
       67.0       0.83      0.96      0.89       200
       68.0       0.81      0.71      0.76        24
       69.0       0.87      0.52      0.65        25
       70.0       0.69      0.76      0.72        33
       71.0       0.94      0.74      0.83        23
       72.0       0.77      0.85      0.81        27
       73.0       0.90      0.86      0.88        22
       74.0       0.89      1.00      0.94        25
       75.0       0.87      0.91      0.89        22
       76.0       0.83      0.83      0.83        24
       77.0       0.70      0.58      0.64        24
       78.0       0.88      0.84      0.86        25
       79.0       0.88      0.54      0.67        26
       80.0       0.70      0.81      0.75        26
       81.0       0.90      0.83      0.86        23
       82.0       0.92      0.96      0.94        23
       83.0       0.97      0.97      0.97        31
       84.0       0.77      0.87      0.82        23
       85.0       0.71      0.83      0.77        24
       86.0       0.86      0.55      0.67        22
       87.0       0.81      1.00      0.89        25
       88.0       0.68      0.65      0.67        26
       89.0       0.95      0.91      0.93        45
       90.0       0.84      0.88      0.86        24
       91.0       0.66      0.78      0.71        32
       92.0       1.00      0.85      0.92        34
       93.0       0.90      0.87      0.88        30
       94.0       0.79      0.94      0.86        35
       95.0       0.93      0.93      0.93        28
       96.0       0.79      0.68      0.73        22
       97.0       0.95      0.95      0.95        21
       98.0       0.75      0.38      0.50        24
       99.0       0.95      0.86      0.90        22

avg / total       0.83      0.82      0.82      2863



For 4 fold the results are as follows:
             precision    recall  f1-score   support

        0.0       0.81      0.57      0.67        30
        1.0       0.84      0.88      0.86        42
        2.0       0.91      0.91      0.91        23
        3.0       0.94      0.82      0.88        40
        4.0       0.85      0.38      0.52        29
        5.0       0.80      0.87      0.83        46
        6.0       0.64      0.82      0.72        22
        7.0       0.81      0.71      0.76        24
        8.0       1.00      0.96      0.98        27
        9.0       0.94      0.73      0.82        22
       10.0       0.74      0.61      0.67        23
       11.0       0.86      0.95      0.90        20
       12.0       0.73      0.92      0.81        36
       13.0       0.96      0.90      0.93        30
       14.0       0.74      0.87      0.80        23
       15.0       0.71      0.85      0.77        26
       16.0       0.73      0.83      0.78        23
       17.0       0.71      0.80      0.75        25
       18.0       0.71      0.88      0.79        25
       19.0       0.73      0.94      0.82        64
       20.0       0.90      0.93      0.91        28
       21.0       0.74      0.89      0.81        28
       22.0       0.91      0.95      0.93        22
       23.0       0.90      0.88      0.89        32
       24.0       1.00      0.95      0.98        21
       25.0       0.86      0.83      0.84        29
       26.0       0.85      0.88      0.86        25
       27.0       0.59      0.73      0.66        26
       28.0       0.70      0.76      0.73        21
       29.0       0.91      0.91      0.91        22
       30.0       0.78      0.95      0.86        22
       31.0       0.88      0.58      0.70        24
       32.0       0.77      0.81      0.79        21
       33.0       0.76      0.52      0.62        25
       34.0       0.76      0.57      0.65        28
       35.0       0.78      0.78      0.78        27
       36.0       0.89      0.94      0.92        36
       37.0       0.95      0.95      0.95        20
       38.0       0.80      0.77      0.78        26
       39.0       0.86      0.83      0.84        29
       40.0       0.92      0.46      0.61        24
       41.0       0.69      0.78      0.73        23
       42.0       0.85      0.80      0.82        35
       43.0       0.89      0.92      0.91        26
       44.0       1.00      0.93      0.96        14
       45.0       0.96      0.74      0.84        31
       46.0       0.63      0.70      0.67        27
       47.0       0.96      0.89      0.92        27
       48.0       0.82      0.78      0.80        23
       49.0       0.79      0.65      0.71        23
       50.0       0.90      0.90      0.90        51
       51.0       0.88      0.88      0.88        25
       52.0       0.88      0.96      0.92        24
       53.0       0.90      0.93      0.92        29
       54.0       0.67      0.70      0.68        23
       55.0       0.89      0.89      0.89        27
       56.0       0.92      0.86      0.89        14
       57.0       0.96      1.00      0.98        25
       58.0       0.88      0.95      0.91        22
       59.0       0.87      0.90      0.89        30
       60.0       0.83      0.83      0.83        23
       61.0       0.76      0.65      0.70        20
       62.0       0.68      0.70      0.69        33
       63.0       0.65      0.68      0.67        22
       64.0       0.76      0.73      0.75        26
       65.0       0.84      0.84      0.84        19
       66.0       0.89      0.89      0.89        36
       67.0       0.79      0.92      0.85       200
       68.0       0.88      0.62      0.73        24
       69.0       0.85      0.68      0.76        25
       70.0       0.77      0.73      0.75        33
       71.0       0.84      0.70      0.76        23
       72.0       0.74      0.85      0.79        27
       73.0       0.65      0.50      0.56        22
       74.0       0.89      0.96      0.92        25
       75.0       1.00      0.82      0.90        22
       76.0       0.94      0.62      0.75        24
       77.0       0.73      0.79      0.76        24
       78.0       0.86      0.79      0.83        24
       79.0       1.00      0.65      0.79        26
       80.0       0.76      0.73      0.75        26
       81.0       0.91      0.87      0.89        23
       82.0       0.92      0.96      0.94        23
       83.0       0.72      0.87      0.79        30
       84.0       0.88      0.95      0.91        22
       85.0       0.71      0.83      0.77        24
       86.0       0.50      0.27      0.35        22
       87.0       0.81      1.00      0.89        25
       88.0       0.88      0.54      0.67        26
       89.0       0.70      0.96      0.81        45
       90.0       0.95      0.75      0.84        24
       91.0       0.74      0.91      0.82        32
       92.0       0.97      0.94      0.95        33
       93.0       0.85      0.76      0.80        29
       94.0       0.69      0.94      0.80        35
       95.0       1.00      0.82      0.90        28
       96.0       0.64      0.64      0.64        22
       97.0       0.80      0.95      0.87        21
       98.0       0.82      0.58      0.68        24
       99.0       1.00      0.68      0.81        22

avg / total       0.82      0.82      0.81      2849



For 5 fold the results are as follows:
             precision    recall  f1-score   support

        0.0       0.75      0.60      0.67        30
        1.0       0.89      0.93      0.91        42
        2.0       0.91      0.87      0.89        23
        3.0       0.95      0.90      0.92        40
        4.0       0.41      0.24      0.30        29
        5.0       0.75      0.87      0.81        46
        6.0       0.81      0.77      0.79        22
        7.0       0.81      0.71      0.76        24
        8.0       0.90      1.00      0.95        27
        9.0       0.94      0.68      0.79        22
       10.0       0.67      0.61      0.64        23
       11.0       0.77      1.00      0.87        20
       12.0       0.83      0.94      0.88        36
       13.0       0.93      0.93      0.93        30
       14.0       0.79      0.65      0.71        23
       15.0       0.55      0.62      0.58        26
       16.0       0.80      0.87      0.83        23
       17.0       0.74      0.71      0.72        24
       18.0       0.71      0.88      0.79        25
       19.0       0.76      0.95      0.85        64
       20.0       0.77      0.96      0.86        28
       21.0       0.80      0.86      0.83        28
       22.0       0.68      0.77      0.72        22
       23.0       0.94      0.91      0.92        32
       24.0       0.95      0.90      0.93        21
       25.0       0.93      0.96      0.95        28
       26.0       0.81      0.88      0.85        25
       27.0       0.69      0.69      0.69        26
       28.0       0.81      0.62      0.70        21
       29.0       0.88      0.95      0.91        22
       30.0       0.73      0.86      0.79        22
       31.0       0.64      0.38      0.47        24
       32.0       1.00      0.67      0.80        21
       33.0       0.81      0.52      0.63        25
       34.0       0.68      0.54      0.60        28
       35.0       0.67      0.89      0.76        27
       36.0       0.92      0.92      0.92        36
       37.0       0.85      0.85      0.85        20
       38.0       0.77      0.65      0.71        26
       39.0       0.90      0.93      0.91        28
       40.0       0.93      0.58      0.72        24
       41.0       0.78      0.78      0.78        23
       42.0       0.93      0.74      0.83        35
       43.0       0.96      0.88      0.92        25
       44.0       1.00      0.79      0.88        14
       45.0       0.75      0.80      0.77        30
       46.0       0.58      0.70      0.63        27
       47.0       0.96      0.89      0.92        27
       48.0       0.79      0.83      0.81        23
       49.0       0.67      0.55      0.60        22
       50.0       0.89      0.92      0.90        51
       51.0       0.95      0.84      0.89        25
       52.0       0.96      1.00      0.98        23
       53.0       0.77      0.83      0.80        29
       54.0       0.89      0.77      0.83        22
       55.0       0.96      0.85      0.90        27
       56.0       1.00      0.79      0.88        14
       57.0       0.92      1.00      0.96        24
       58.0       0.83      0.91      0.87        22
       59.0       0.86      1.00      0.92        30
       60.0       0.92      0.96      0.94        23
       61.0       0.88      0.70      0.78        20
       62.0       0.79      0.67      0.72        33
       63.0       0.90      0.86      0.88        22
       64.0       0.58      0.60      0.59        25
       65.0       0.89      0.94      0.92        18
       66.0       0.78      0.78      0.78        36
       67.0       0.81      0.94      0.87       200
       68.0       0.64      0.67      0.65        24
       69.0       0.86      0.72      0.78        25
       70.0       0.83      0.75      0.79        32
       71.0       0.76      0.73      0.74        22
       72.0       0.75      0.78      0.76        27
       73.0       0.80      0.76      0.78        21
       74.0       1.00      0.96      0.98        25
       75.0       0.95      0.91      0.93        22
       76.0       0.75      0.75      0.75        24
       77.0       0.71      0.71      0.71        24
       78.0       0.79      0.79      0.79        24
       79.0       0.85      0.88      0.87        26
       80.0       0.71      0.65      0.68        26
       81.0       0.87      0.87      0.87        23
       82.0       0.92      1.00      0.96        23
       83.0       1.00      0.87      0.93        30
       84.0       0.79      0.86      0.83        22
       85.0       0.69      0.83      0.75        24
       86.0       0.73      0.36      0.48        22
       87.0       0.79      0.92      0.85        24
       88.0       0.68      0.58      0.62        26
       89.0       0.83      1.00      0.91        45
       90.0       0.83      0.79      0.81        24
       91.0       0.74      0.81      0.77        31
       92.0       1.00      0.97      0.98        33
       93.0       0.70      0.72      0.71        29
       94.0       0.72      0.97      0.83        35
       95.0       1.00      0.89      0.94        27
       96.0       0.86      0.82      0.84        22
       97.0       0.88      1.00      0.93        21
       98.0       0.62      0.33      0.43        24
       99.0       0.84      0.73      0.78        22

avg / total       0.82      0.81      0.81      2832


alpha = 50

For 1 fold the results are as follows:
             precision    recall  f1-score   support

        0.0       0.79      0.77      0.78        30
        1.0       0.83      0.88      0.85        43
        2.0       1.00      0.96      0.98        23
        3.0       0.97      0.85      0.91        40
        4.0       0.73      0.38      0.50        29
        5.0       0.77      0.87      0.82        47
        6.0       0.81      0.77      0.79        22
        7.0       0.79      0.79      0.79        24
        8.0       1.00      0.96      0.98        27
        9.0       0.78      0.61      0.68        23
       10.0       0.70      0.58      0.64        24
       11.0       0.95      1.00      0.98        21
       12.0       0.76      0.89      0.82        36
       13.0       1.00      0.87      0.93        30
       14.0       0.74      0.83      0.78        24
       15.0       0.67      0.69      0.68        26
       16.0       0.86      0.78      0.82        23
       17.0       0.60      0.60      0.60        25
       18.0       0.79      0.88      0.84        26
       19.0       0.73      0.94      0.82        65
       20.0       0.81      0.79      0.80        28
       21.0       0.89      0.83      0.86        29
       22.0       0.69      0.96      0.80        23
       23.0       0.96      0.76      0.85        33
       24.0       1.00      0.86      0.93        22
       25.0       0.96      0.90      0.93        29
       26.0       0.88      0.84      0.86        25
       27.0       0.55      0.67      0.60        27
       28.0       0.88      0.67      0.76        21
       29.0       0.95      0.91      0.93        23
       30.0       0.80      0.91      0.85        22
       31.0       0.71      0.50      0.59        24
       32.0       0.80      0.73      0.76        22
       33.0       0.59      0.40      0.48        25
       34.0       0.61      0.66      0.63        29
       35.0       0.63      0.81      0.71        27
       36.0       0.89      0.94      0.92        36
       37.0       0.95      1.00      0.98        21
       38.0       0.87      0.77      0.82        26
       39.0       0.78      0.97      0.86        29
       40.0       0.76      0.52      0.62        25
       41.0       0.86      0.78      0.82        23
       42.0       0.79      0.72      0.75        36
       43.0       1.00      0.85      0.92        26
       44.0       0.94      1.00      0.97        15
       45.0       0.80      0.77      0.79        31
       46.0       0.94      0.61      0.74        28
       47.0       0.90      0.96      0.93        28
       48.0       0.76      0.92      0.83        24
       49.0       0.79      0.48      0.59        23
       50.0       0.92      0.90      0.91        52
       51.0       0.89      0.96      0.93        26
       52.0       1.00      0.92      0.96        24
       53.0       0.88      0.97      0.92        29
       54.0       0.80      0.70      0.74        23
       55.0       0.90      0.96      0.93        28
       56.0       0.87      0.87      0.87        15
       57.0       1.00      0.96      0.98        25
       58.0       0.75      0.91      0.82        23
       59.0       0.73      0.77      0.75        31
       60.0       0.81      0.92      0.86        24
       61.0       0.77      0.50      0.61        20
       62.0       0.70      0.82      0.76        34
       63.0       0.85      0.74      0.79        23
       64.0       0.79      0.58      0.67        26
       65.0       0.90      0.95      0.92        19
       66.0       0.89      0.86      0.87        36
       67.0       0.79      0.94      0.86       200
       68.0       0.83      0.76      0.79        25
       69.0       0.77      0.65      0.71        26
       70.0       0.78      0.88      0.83        33
       71.0       0.81      0.91      0.86        23
       72.0       0.77      0.71      0.74        28
       73.0       0.74      0.77      0.76        22
       74.0       0.86      0.92      0.89        26
       75.0       0.91      0.87      0.89        23
       76.0       0.91      0.80      0.85        25
       77.0       0.80      0.80      0.80        25
       78.0       0.88      0.88      0.88        25
       79.0       0.82      0.67      0.73        27
       80.0       0.74      0.85      0.79        27
       81.0       0.77      0.71      0.74        24
       82.0       0.92      0.92      0.92        24
       83.0       0.78      0.90      0.84        31
       84.0       0.91      0.91      0.91        23
       85.0       0.62      0.80      0.70        25
       86.0       0.67      0.43      0.53        23
       87.0       0.89      1.00      0.94        25
       88.0       0.79      0.70      0.75        27
       89.0       0.79      0.91      0.85        45
       90.0       0.91      0.80      0.85        25
       91.0       0.82      0.88      0.85        32
       92.0       1.00      0.85      0.92        34
       93.0       0.73      0.80      0.76        30
       94.0       0.71      0.89      0.79        36
       95.0       0.96      0.79      0.86        28
       96.0       0.88      0.61      0.72        23
       97.0       0.95      0.91      0.93        22
       98.0       0.78      0.58      0.67        24
       99.0       0.73      0.73      0.73        22

avg / total       0.82      0.82      0.81      2904



For 2 fold the results are as follows:
             precision    recall  f1-score   support

        0.0       0.88      0.73      0.80        30
        1.0       0.84      0.90      0.87        42
        2.0       0.91      0.91      0.91        23
        3.0       0.97      0.78      0.86        40
        4.0       0.65      0.38      0.48        29
        5.0       0.59      0.89      0.71        46
        6.0       0.86      0.82      0.84        22
        7.0       0.95      0.88      0.91        24
        8.0       0.93      0.96      0.95        27
        9.0       0.94      0.70      0.80        23
       10.0       0.76      0.57      0.65        23
       11.0       0.82      0.86      0.84        21
       12.0       0.71      0.81      0.75        36
       13.0       1.00      0.93      0.97        30
       14.0       0.84      0.88      0.86        24
       15.0       0.58      0.58      0.58        26
       16.0       0.68      0.74      0.71        23
       17.0       0.66      0.76      0.70        25
       18.0       0.73      0.88      0.80        25
       19.0       0.77      0.95      0.85        65
       20.0       0.82      0.96      0.89        28
       21.0       0.83      0.86      0.84        28
       22.0       0.69      0.91      0.78        22
       23.0       0.91      0.91      0.91        32
       24.0       1.00      1.00      1.00        21
       25.0       0.85      0.79      0.82        29
       26.0       0.86      1.00      0.93        25
       27.0       0.73      0.73      0.73        26
       28.0       0.76      0.76      0.76        21
       29.0       0.82      0.78      0.80        23
       30.0       0.88      0.68      0.77        22
       31.0       0.83      0.62      0.71        24
       32.0       0.87      0.59      0.70        22
       33.0       0.75      0.48      0.59        25
       34.0       0.67      0.50      0.57        28
       35.0       0.77      0.85      0.81        27
       36.0       0.89      0.94      0.92        36
       37.0       1.00      1.00      1.00        21
       38.0       0.75      0.81      0.78        26
       39.0       0.96      0.90      0.93        29
       40.0       0.92      0.46      0.61        24
       41.0       0.65      0.74      0.69        23
       42.0       0.79      0.72      0.75        36
       43.0       0.91      0.81      0.86        26
       44.0       0.83      0.71      0.77        14
       45.0       0.80      0.77      0.79        31
       46.0       0.68      0.75      0.71        28
       47.0       0.93      0.96      0.95        28
       48.0       0.78      0.75      0.77        24
       49.0       0.69      0.48      0.56        23
       50.0       0.78      0.88      0.83        52
       51.0       0.81      0.85      0.83        26
       52.0       0.95      0.88      0.91        24
       53.0       0.82      0.93      0.87        29
       54.0       0.71      0.87      0.78        23
       55.0       0.84      0.93      0.88        28
       56.0       0.93      0.93      0.93        14
       57.0       0.92      0.92      0.92        25
       58.0       0.72      0.82      0.77        22
       59.0       0.78      0.90      0.84        31
       60.0       0.90      0.79      0.84        24
       61.0       0.75      0.75      0.75        20
       62.0       0.78      0.76      0.77        33
       63.0       0.76      0.70      0.73        23
       64.0       0.83      0.77      0.80        26
       65.0       0.90      0.95      0.92        19
       66.0       0.79      0.86      0.83        36
       67.0       0.77      0.96      0.86       200
       68.0       0.74      0.68      0.71        25
       69.0       0.75      0.60      0.67        25
       70.0       0.71      0.67      0.69        33
       71.0       0.82      0.61      0.70        23
       72.0       0.67      0.74      0.70        27
       73.0       1.00      0.59      0.74        22
       74.0       0.89      0.96      0.92        25
       75.0       0.95      0.87      0.91        23
       76.0       0.86      0.75      0.80        24
       77.0       0.73      0.76      0.75        25
       78.0       0.91      0.84      0.87        25
       79.0       0.88      0.52      0.65        27
       80.0       0.78      0.69      0.73        26
       81.0       0.81      0.92      0.86        24
       82.0       0.96      0.96      0.96        24
       83.0       0.97      0.90      0.93        31
       84.0       0.91      0.87      0.89        23
       85.0       0.77      0.80      0.78        25
       86.0       0.89      0.35      0.50        23
       87.0       0.77      0.92      0.84        25
       88.0       0.68      0.56      0.61        27
       89.0       0.84      0.93      0.88        45
       90.0       0.90      0.76      0.83        25
       91.0       0.55      0.72      0.62        32
       92.0       0.94      0.88      0.91        34
       93.0       0.75      0.70      0.72        30
       94.0       0.82      0.89      0.85        36
       95.0       0.92      0.86      0.89        28
       96.0       0.69      0.78      0.73        23
       97.0       0.75      0.95      0.84        22
       98.0       0.70      0.29      0.41        24
       99.0       0.94      0.77      0.85        22

avg / total       0.81      0.80      0.80      2884



For 3 fold the results are as follows:
             precision    recall  f1-score   support

        0.0       0.65      0.57      0.61        30
        1.0       0.82      0.86      0.84        42
        2.0       0.95      0.87      0.91        23
        3.0       0.95      0.93      0.94        40
        4.0       0.80      0.28      0.41        29
        5.0       0.70      0.91      0.79        46
        6.0       0.89      0.73      0.80        22
        7.0       0.75      0.75      0.75        24
        8.0       1.00      1.00      1.00        27
        9.0       0.93      0.59      0.72        22
       10.0       0.71      0.52      0.60        23
       11.0       0.74      0.95      0.83        21
       12.0       0.77      0.94      0.85        36
       13.0       0.82      0.93      0.87        30
       14.0       0.78      0.75      0.77        24
       15.0       0.66      0.73      0.69        26
       16.0       0.72      0.78      0.75        23
       17.0       0.79      0.76      0.78        25
       18.0       0.81      0.88      0.85        25
       19.0       0.81      0.94      0.87        64
       20.0       0.69      0.71      0.70        28
       21.0       0.79      0.93      0.85        28
       22.0       0.75      0.82      0.78        22
       23.0       0.91      1.00      0.96        32
       24.0       0.91      1.00      0.95        21
       25.0       0.79      0.90      0.84        29
       26.0       0.89      0.96      0.92        25
       27.0       0.72      0.81      0.76        26
       28.0       0.68      0.71      0.70        21
       29.0       0.88      0.96      0.92        23
       30.0       0.83      0.86      0.84        22
       31.0       0.87      0.54      0.67        24
       32.0       0.88      0.68      0.77        22
       33.0       0.83      0.60      0.70        25
       34.0       0.58      0.50      0.54        28
       35.0       0.74      0.74      0.74        27
       36.0       0.92      0.92      0.92        36
       37.0       0.90      0.90      0.90        20
       38.0       0.95      0.73      0.83        26
       39.0       0.96      0.86      0.91        29
       40.0       0.87      0.54      0.67        24
       41.0       0.68      0.83      0.75        23
       42.0       0.85      0.92      0.88        36
       43.0       1.00      0.92      0.96        26
       44.0       0.93      1.00      0.97        14
       45.0       0.84      0.84      0.84        31
       46.0       0.75      0.78      0.76        27
       47.0       0.79      0.79      0.79        28
       48.0       0.95      0.83      0.89        24
       49.0       0.65      0.57      0.60        23
       50.0       0.84      0.94      0.89        51
       51.0       0.96      0.92      0.94        25
       52.0       0.96      1.00      0.98        24
       53.0       0.88      0.76      0.81        29
       54.0       0.80      0.87      0.83        23
       55.0       0.92      0.89      0.91        27
       56.0       0.93      1.00      0.97        14
       57.0       0.92      0.96      0.94        25
       58.0       0.87      0.91      0.89        22
       59.0       0.81      0.97      0.88        31
       60.0       0.88      1.00      0.94        23
       61.0       0.71      0.60      0.65        20
       62.0       0.67      0.67      0.67        33
       63.0       0.82      0.78      0.80        23
       64.0       0.78      0.54      0.64        26
       65.0       0.85      0.89      0.87        19
       66.0       0.94      0.89      0.91        36
       67.0       0.77      0.94      0.84       200
       68.0       0.69      0.46      0.55        24
       69.0       0.95      0.76      0.84        25
       70.0       0.93      0.85      0.89        33
       71.0       0.86      0.83      0.84        23
       72.0       0.76      0.81      0.79        27
       73.0       0.74      0.64      0.68        22
       74.0       0.96      0.92      0.94        25
       75.0       0.94      0.77      0.85        22
       76.0       0.78      0.75      0.77        24
       77.0       0.71      0.50      0.59        24
       78.0       0.76      0.76      0.76        25
       79.0       0.85      0.65      0.74        26
       80.0       0.70      0.62      0.65        26
       81.0       0.95      0.91      0.93        23
       82.0       0.88      0.91      0.89        23
       83.0       0.91      0.97      0.94        31
       84.0       0.74      0.87      0.80        23
       85.0       0.68      0.79      0.73        24
       86.0       0.67      0.36      0.47        22
       87.0       0.81      0.88      0.85        25
       88.0       0.80      0.62      0.70        26
       89.0       0.80      0.98      0.88        45
       90.0       0.82      0.75      0.78        24
       91.0       0.80      0.75      0.77        32
       92.0       0.94      1.00      0.97        34
       93.0       0.74      0.77      0.75        30
       94.0       0.71      0.91      0.80        35
       95.0       0.96      0.93      0.95        28
       96.0       0.74      0.77      0.76        22
       97.0       0.79      0.90      0.84        21
       98.0       0.69      0.38      0.49        24
       99.0       0.89      0.77      0.83        22

avg / total       0.82      0.82      0.81      2863



For 4 fold the results are as follows:
             precision    recall  f1-score   support

        0.0       0.84      0.70      0.76        30
        1.0       0.84      0.90      0.87        42
        2.0       1.00      0.87      0.93        23
        3.0       1.00      0.90      0.95        40
        4.0       0.50      0.24      0.33        29
        5.0       0.75      0.85      0.80        46
        6.0       0.80      0.55      0.65        22
        7.0       0.82      0.75      0.78        24
        8.0       1.00      1.00      1.00        27
        9.0       0.84      0.73      0.78        22
       10.0       0.79      0.65      0.71        23
       11.0       0.86      0.90      0.88        20
       12.0       0.71      0.94      0.81        36
       13.0       0.90      0.90      0.90        30
       14.0       0.90      0.83      0.86        23
       15.0       0.60      0.58      0.59        26
       16.0       0.95      0.91      0.93        23
       17.0       0.58      0.56      0.57        25
       18.0       0.79      0.88      0.83        25
       19.0       0.81      0.97      0.88        64
       20.0       0.81      0.93      0.87        28
       21.0       0.72      0.75      0.74        28
       22.0       0.82      0.82      0.82        22
       23.0       0.97      0.91      0.94        32
       24.0       0.95      0.90      0.93        21
       25.0       0.86      0.86      0.86        29
       26.0       0.77      0.80      0.78        25
       27.0       0.65      0.77      0.70        26
       28.0       0.80      0.76      0.78        21
       29.0       0.77      0.91      0.83        22
       30.0       0.82      0.82      0.82        22
       31.0       0.65      0.54      0.59        24
       32.0       0.77      0.81      0.79        21
       33.0       0.71      0.40      0.51        25
       34.0       0.65      0.39      0.49        28
       35.0       0.86      0.70      0.78        27
       36.0       0.88      0.97      0.92        36
       37.0       0.95      0.95      0.95        20
       38.0       0.88      0.88      0.88        26
       39.0       0.86      0.83      0.84        29
       40.0       0.75      0.50      0.60        24
       41.0       0.79      0.83      0.81        23
       42.0       0.84      0.89      0.86        35
       43.0       0.92      0.92      0.92        26
       44.0       1.00      0.93      0.96        14
       45.0       0.84      0.84      0.84        31
       46.0       0.58      0.67      0.62        27
       47.0       0.84      0.96      0.90        27
       48.0       0.86      0.78      0.82        23
       49.0       0.62      0.57      0.59        23
       50.0       0.85      0.86      0.85        51
       51.0       0.85      0.88      0.86        25
       52.0       0.96      0.96      0.96        24
       53.0       0.92      0.79      0.85        29
       54.0       0.79      0.83      0.81        23
       55.0       0.96      0.93      0.94        27
       56.0       0.92      0.86      0.89        14
       57.0       0.92      0.96      0.94        25
       58.0       0.87      0.91      0.89        22
       59.0       0.85      0.93      0.89        30
       60.0       0.95      0.91      0.93        23
       61.0       0.71      0.60      0.65        20
       62.0       0.68      0.70      0.69        33
       63.0       0.69      0.82      0.75        22
       64.0       0.84      0.62      0.71        26
       65.0       0.90      1.00      0.95        19
       66.0       0.77      0.75      0.76        36
       67.0       0.80      0.94      0.86       200
       68.0       0.64      0.75      0.69        24
       69.0       0.77      0.68      0.72        25
       70.0       0.82      0.82      0.82        33
       71.0       0.88      0.65      0.75        23
       72.0       0.79      0.81      0.80        27
       73.0       0.81      0.59      0.68        22
       74.0       0.92      0.96      0.94        25
       75.0       0.95      0.86      0.90        22
       76.0       0.78      0.75      0.77        24
       77.0       0.86      0.50      0.63        24
       78.0       0.71      0.71      0.71        24
       79.0       0.88      0.81      0.84        26
       80.0       0.70      0.81      0.75        26
       81.0       0.86      0.78      0.82        23
       82.0       0.96      1.00      0.98        23
       83.0       0.88      0.97      0.92        30
       84.0       0.77      0.91      0.83        22
       85.0       0.85      0.92      0.88        24
       86.0       0.82      0.41      0.55        22
       87.0       0.68      1.00      0.81        25
       88.0       0.64      0.62      0.63        26
       89.0       0.82      0.91      0.86        45
       90.0       0.88      0.88      0.88        24
       91.0       0.80      0.88      0.84        32
       92.0       0.97      0.85      0.90        33
       93.0       0.62      0.79      0.70        29
       94.0       0.75      0.94      0.84        35
       95.0       1.00      0.86      0.92        28
       96.0       0.80      0.73      0.76        22
       97.0       0.80      0.95      0.87        21
       98.0       0.75      0.50      0.60        24
       99.0       0.88      0.68      0.77        22

avg / total       0.81      0.81      0.81      2849



For 5 fold the results are as follows:
             precision    recall  f1-score   support

        0.0       0.83      0.67      0.74        30
        1.0       0.88      0.88      0.88        42
        2.0       1.00      0.83      0.90        23
        3.0       0.90      0.95      0.93        40
        4.0       0.92      0.38      0.54        29
        5.0       0.80      0.87      0.83        46
        6.0       0.67      0.64      0.65        22
        7.0       0.95      0.83      0.89        24
        8.0       0.96      0.93      0.94        27
        9.0       0.82      0.64      0.72        22
       10.0       0.85      0.74      0.79        23
       11.0       0.83      0.95      0.88        20
       12.0       0.76      0.89      0.82        36
       13.0       0.81      0.87      0.84        30
       14.0       0.86      0.83      0.84        23
       15.0       0.73      0.73      0.73        26
       16.0       0.70      0.91      0.79        23
       17.0       0.76      0.67      0.71        24
       18.0       0.72      0.92      0.81        25
       19.0       0.75      0.97      0.84        64
       20.0       0.74      1.00      0.85        28
       21.0       0.93      0.96      0.95        28
       22.0       0.80      0.91      0.85        22
       23.0       0.93      0.84      0.89        32
       24.0       0.83      0.90      0.86        21
       25.0       0.81      0.89      0.85        28
       26.0       0.91      0.80      0.85        25
       27.0       0.64      0.81      0.71        26
       28.0       0.82      0.67      0.74        21
       29.0       0.90      0.86      0.88        22
       30.0       0.71      0.91      0.80        22
       31.0       0.72      0.54      0.62        24
       32.0       0.68      0.90      0.78        21
       33.0       0.75      0.60      0.67        25
       34.0       0.69      0.79      0.73        28
       35.0       0.67      0.81      0.73        27
       36.0       0.81      0.83      0.82        36
       37.0       1.00      0.90      0.95        20
       38.0       0.83      0.73      0.78        26
       39.0       0.77      0.82      0.79        28
       40.0       0.80      0.50      0.62        24
       41.0       0.75      0.78      0.77        23
       42.0       0.82      0.77      0.79        35
       43.0       0.74      0.80      0.77        25
       44.0       0.93      0.93      0.93        14
       45.0       0.89      0.83      0.86        30
       46.0       0.61      0.52      0.56        27
       47.0       0.96      0.89      0.92        27
       48.0       0.75      0.78      0.77        23
       49.0       0.69      0.50      0.58        22
       50.0       0.80      0.92      0.85        51
       51.0       0.91      0.80      0.85        25
       52.0       0.96      1.00      0.98        23
       53.0       0.83      0.86      0.85        29
       54.0       0.77      0.77      0.77        22
       55.0       0.96      0.93      0.94        27
       56.0       0.91      0.71      0.80        14
       57.0       1.00      0.88      0.93        24
       58.0       0.78      0.95      0.86        22
       59.0       0.82      0.90      0.86        30
       60.0       0.84      0.91      0.87        23
       61.0       0.93      0.65      0.76        20
       62.0       0.65      0.61      0.62        33
       63.0       0.90      0.82      0.86        22
       64.0       0.75      0.72      0.73        25
       65.0       0.94      0.94      0.94        18
       66.0       0.75      0.67      0.71        36
       67.0       0.78      0.93      0.85       200
       68.0       0.71      0.62      0.67        24
       69.0       0.82      0.72      0.77        25
       70.0       0.83      0.78      0.81        32
       71.0       0.89      0.73      0.80        22
       72.0       0.75      0.67      0.71        27
       73.0       0.74      0.81      0.77        21
       74.0       0.96      0.92      0.94        25
       75.0       0.91      0.91      0.91        22
       76.0       0.83      0.83      0.83        24
       77.0       0.86      0.75      0.80        24
       78.0       0.90      0.79      0.84        24
       79.0       0.95      0.69      0.80        26
       80.0       0.65      0.58      0.61        26
       81.0       0.83      0.87      0.85        23
       82.0       0.96      0.96      0.96        23
       83.0       0.84      0.90      0.87        30
       84.0       0.81      1.00      0.90        22
       85.0       0.72      0.75      0.73        24
       86.0       0.67      0.27      0.39        22
       87.0       0.92      0.92      0.92        24
       88.0       0.65      0.50      0.57        26
       89.0       0.80      1.00      0.89        45
       90.0       0.94      0.71      0.81        24
       91.0       0.69      0.81      0.75        31
       92.0       0.97      0.88      0.92        33
       93.0       0.85      0.79      0.82        29
       94.0       0.74      1.00      0.85        35
       95.0       0.93      1.00      0.96        27
       96.0       0.73      0.50      0.59        22
       97.0       0.83      0.95      0.89        21
       98.0       0.71      0.42      0.53        24
       99.0       0.85      0.50      0.63        22

avg / total       0.81      0.81      0.80      2832

