alpha = 0.0001
hinge loss

For 1 fold the results are as follows:
             precision    recall  f1-score   support

        0.0       0.71      0.67      0.69        30
        1.0       0.88      0.88      0.88        43
        2.0       0.95      0.83      0.88        23
        3.0       0.89      0.85      0.87        40
        4.0       0.39      0.66      0.49        29
        5.0       0.80      0.87      0.84        47
        6.0       0.75      0.82      0.78        22
        7.0       0.69      0.75      0.72        24
        8.0       0.90      0.96      0.93        27
        9.0       0.75      0.78      0.77        23
       10.0       0.83      0.79      0.81        24
       11.0       0.75      0.86      0.80        21
       12.0       0.82      0.89      0.85        36
       13.0       0.91      0.97      0.94        30
       14.0       0.77      0.83      0.80        24
       15.0       0.72      0.69      0.71        26
       16.0       0.75      0.91      0.82        23
       17.0       0.66      0.76      0.70        25
       18.0       0.77      0.92      0.84        26
       19.0       0.93      0.86      0.90        65
       20.0       0.92      0.79      0.85        28
       21.0       0.81      0.76      0.79        29
       22.0       0.80      0.87      0.83        23
       23.0       0.94      0.94      0.94        33
       24.0       1.00      1.00      1.00        22
       25.0       0.92      0.79      0.85        29
       26.0       0.87      0.80      0.83        25
       27.0       0.67      0.67      0.67        27
       28.0       0.56      0.67      0.61        21
       29.0       0.91      0.87      0.89        23
       30.0       0.87      0.91      0.89        22
       31.0       0.75      0.50      0.60        24
       32.0       0.89      0.77      0.83        22
       33.0       0.60      0.60      0.60        25
       34.0       0.57      0.59      0.58        29
       35.0       0.56      0.81      0.67        27
       36.0       0.85      0.92      0.88        36
       37.0       0.91      0.95      0.93        21
       38.0       0.73      0.85      0.79        26
       39.0       0.89      0.83      0.86        29
       40.0       0.59      0.52      0.55        25
       41.0       0.73      0.70      0.71        23
       42.0       0.83      0.69      0.76        36
       43.0       0.92      0.85      0.88        26
       44.0       0.93      0.93      0.93        15
       45.0       0.88      0.71      0.79        31
       46.0       0.50      0.68      0.58        28
       47.0       0.96      0.89      0.93        28
       48.0       0.91      0.88      0.89        24
       49.0       0.64      0.70      0.67        23
       50.0       0.94      0.88      0.91        52
       51.0       0.85      0.88      0.87        26
       52.0       0.95      0.88      0.91        24
       53.0       0.86      0.86      0.86        29
       54.0       0.83      0.83      0.83        23
       55.0       0.93      0.89      0.91        28
       56.0       0.75      0.60      0.67        15
       57.0       0.93      1.00      0.96        25
       58.0       0.71      0.96      0.81        23
       59.0       0.81      0.84      0.83        31
       60.0       0.91      0.88      0.89        24
       61.0       0.75      0.75      0.75        20
       62.0       0.65      0.71      0.68        34
       63.0       0.78      0.78      0.78        23
       64.0       0.78      0.54      0.64        26
       65.0       1.00      0.79      0.88        19
       66.0       0.81      0.83      0.82        36
       67.0       0.96      0.85      0.90       200
       68.0       0.79      0.76      0.78        25
       69.0       0.59      0.73      0.66        26
       70.0       0.81      0.79      0.80        33
       71.0       0.80      0.87      0.83        23
       72.0       0.79      0.68      0.73        28
       73.0       0.67      0.73      0.70        22
       74.0       0.92      0.85      0.88        26
       75.0       0.85      0.96      0.90        23
       76.0       0.94      0.60      0.73        25
       77.0       0.76      0.64      0.70        25
       78.0       0.79      0.76      0.78        25
       79.0       0.84      0.78      0.81        27
       80.0       0.57      0.74      0.65        27
       81.0       1.00      0.88      0.93        24
       82.0       0.96      1.00      0.98        24
       83.0       0.93      0.84      0.88        31
       84.0       0.80      0.87      0.83        23
       85.0       0.88      0.84      0.86        25
       86.0       0.55      0.52      0.53        23
       87.0       0.85      0.88      0.86        25
       88.0       0.67      0.67      0.67        27
       89.0       0.93      0.87      0.90        45
       90.0       0.65      0.80      0.71        25
       91.0       0.73      0.75      0.74        32
       92.0       0.93      0.76      0.84        34
       93.0       0.86      0.83      0.85        30
       94.0       0.77      0.83      0.80        36
       95.0       0.87      0.93      0.90        28
       96.0       0.70      0.70      0.70        23
       97.0       0.86      0.82      0.84        22
       98.0       0.62      0.67      0.64        24
       99.0       0.80      0.73      0.76        22

avg / total       0.82      0.80      0.81      2904



For 2 fold the results are as follows:
             precision    recall  f1-score   support

        0.0       0.74      0.67      0.70        30
        1.0       0.81      0.83      0.82        42
        2.0       0.95      0.87      0.91        23
        3.0       0.88      0.95      0.92        40
        4.0       0.67      0.62      0.64        29
        5.0       0.91      0.85      0.88        46
        6.0       0.71      0.77      0.74        22
        7.0       0.95      0.83      0.89        24
        8.0       1.00      0.96      0.98        27
        9.0       0.70      0.83      0.76        23
       10.0       0.71      0.65      0.68        23
       11.0       0.91      1.00      0.95        21
       12.0       0.82      0.86      0.84        36
       13.0       0.89      0.83      0.86        30
       14.0       0.95      0.83      0.89        24
       15.0       0.72      0.69      0.71        26
       16.0       0.81      0.74      0.77        23
       17.0       0.86      0.72      0.78        25
       18.0       0.90      0.72      0.80        25
       19.0       0.87      0.92      0.90        65
       20.0       0.88      0.82      0.85        28
       21.0       0.90      0.96      0.93        28
       22.0       0.74      0.64      0.68        22
       23.0       0.91      1.00      0.96        32
       24.0       0.95      0.86      0.90        21
       25.0       0.85      0.79      0.82        29
       26.0       0.83      0.80      0.82        25
       27.0       0.86      0.69      0.77        26
       28.0       1.00      0.81      0.89        21
       29.0       0.87      0.87      0.87        23
       30.0       0.72      0.82      0.77        22
       31.0       0.60      0.75      0.67        24
       32.0       0.95      0.82      0.88        22
       33.0       0.53      0.80      0.63        25
       34.0       0.47      0.54      0.50        28
       35.0       0.78      0.78      0.78        27
       36.0       0.83      0.83      0.83        36
       37.0       0.95      0.95      0.95        21
       38.0       0.81      0.81      0.81        26
       39.0       0.96      0.79      0.87        29
       40.0       0.61      0.71      0.65        24
       41.0       0.70      0.70      0.70        23
       42.0       0.83      0.83      0.83        36
       43.0       0.94      0.65      0.77        26
       44.0       0.75      0.86      0.80        14
       45.0       0.81      0.97      0.88        31
       46.0       0.68      0.75      0.71        28
       47.0       0.86      0.86      0.86        28
       48.0       0.84      0.88      0.86        24
       49.0       0.71      0.74      0.72        23
       50.0       0.89      0.79      0.84        52
       51.0       0.75      0.92      0.83        26
       52.0       0.95      0.88      0.91        24
       53.0       0.93      0.90      0.91        29
       54.0       0.74      0.87      0.80        23
       55.0       1.00      0.86      0.92        28
       56.0       0.71      0.86      0.77        14
       57.0       0.89      0.96      0.92        25
       58.0       1.00      0.82      0.90        22
       59.0       1.00      0.87      0.93        31
       60.0       0.79      0.92      0.85        24
       61.0       0.76      0.80      0.78        20
       62.0       0.57      0.48      0.52        33
       63.0       0.79      0.65      0.71        23
       64.0       0.70      0.73      0.72        26
       65.0       0.94      0.89      0.92        19
       66.0       0.81      0.83      0.82        36
       67.0       0.93      0.84      0.89       200
       68.0       0.68      0.92      0.78        25
       69.0       0.74      0.68      0.71        25
       70.0       0.75      0.73      0.74        33
       71.0       0.74      0.87      0.80        23
       72.0       0.62      0.74      0.68        27
       73.0       0.79      0.68      0.73        22
       74.0       0.88      0.88      0.88        25
       75.0       0.84      0.91      0.87        23
       76.0       0.91      0.88      0.89        24
       77.0       0.67      0.48      0.56        25
       78.0       0.77      0.80      0.78        25
       79.0       0.53      0.89      0.67        27
       80.0       0.90      0.69      0.78        26
       81.0       0.81      0.88      0.84        24
       82.0       0.96      0.96      0.96        24
       83.0       1.00      0.87      0.93        31
       84.0       0.91      0.87      0.89        23
       85.0       0.79      0.76      0.78        25
       86.0       0.67      0.70      0.68        23
       87.0       0.88      0.88      0.88        25
       88.0       0.63      0.70      0.67        27
       89.0       0.86      0.82      0.84        45
       90.0       1.00      0.84      0.91        25
       91.0       0.74      0.81      0.78        32
       92.0       0.79      0.91      0.85        34
       93.0       0.69      0.80      0.74        30
       94.0       0.74      0.72      0.73        36
       95.0       0.77      0.86      0.81        28
       96.0       0.68      0.74      0.71        23
       97.0       1.00      0.86      0.93        22
       98.0       0.76      0.79      0.78        24
       99.0       0.79      0.86      0.83        22

avg / total       0.82      0.81      0.81      2884



For 3 fold the results are as follows:
             precision    recall  f1-score   support

        0.0       0.70      0.87      0.78        30
        1.0       0.89      0.81      0.85        42
        2.0       0.85      0.96      0.90        23
        3.0       0.93      0.93      0.93        40
        4.0       0.72      0.79      0.75        29
        5.0       0.70      0.80      0.75        46
        6.0       0.86      0.82      0.84        22
        7.0       0.86      0.75      0.80        24
        8.0       0.90      0.96      0.93        27
        9.0       0.72      0.82      0.77        22
       10.0       0.78      0.61      0.68        23
       11.0       0.86      0.90      0.88        21
       12.0       0.84      0.75      0.79        36
       13.0       0.85      0.93      0.89        30
       14.0       0.84      0.88      0.86        24
       15.0       0.84      0.81      0.82        26
       16.0       0.91      0.87      0.89        23
       17.0       0.69      0.80      0.74        25
       18.0       0.78      1.00      0.88        25
       19.0       0.91      0.83      0.87        64
       20.0       0.89      0.89      0.89        28
       21.0       0.83      0.71      0.77        28
       22.0       0.84      0.95      0.89        22
       23.0       0.93      0.88      0.90        32
       24.0       0.90      0.90      0.90        21
       25.0       0.83      0.83      0.83        29
       26.0       0.96      0.88      0.92        25
       27.0       0.59      0.85      0.70        26
       28.0       0.64      0.43      0.51        21
       29.0       0.95      0.83      0.88        23
       30.0       0.81      0.95      0.88        22
       31.0       0.58      0.75      0.65        24
       32.0       0.62      0.68      0.65        22
       33.0       0.55      0.64      0.59        25
       34.0       0.58      0.79      0.67        28
       35.0       0.88      0.81      0.85        27
       36.0       0.94      0.92      0.93        36
       37.0       0.90      0.90      0.90        20
       38.0       0.86      0.73      0.79        26
       39.0       0.79      0.90      0.84        29
       40.0       0.59      0.67      0.63        24
       41.0       0.78      0.78      0.78        23
       42.0       0.94      0.86      0.90        36
       43.0       0.85      0.85      0.85        26
       44.0       1.00      0.79      0.88        14
       45.0       0.78      0.81      0.79        31
       46.0       0.56      0.56      0.56        27
       47.0       0.87      0.93      0.90        28
       48.0       0.88      0.92      0.90        24
       49.0       0.68      0.65      0.67        23
       50.0       0.81      0.92      0.86        51
       51.0       0.95      0.84      0.89        25
       52.0       0.96      0.96      0.96        24
       53.0       0.85      0.79      0.82        29
       54.0       0.67      0.87      0.75        23
       55.0       0.93      0.93      0.93        27
       56.0       0.81      0.93      0.87        14
       57.0       0.93      1.00      0.96        25
       58.0       0.87      0.91      0.89        22
       59.0       0.93      0.84      0.88        31
       60.0       0.90      0.83      0.86        23
       61.0       0.65      0.75      0.70        20
       62.0       0.56      0.73      0.63        33
       63.0       0.83      0.65      0.73        23
       64.0       0.66      0.73      0.69        26
       65.0       0.95      1.00      0.97        19
       66.0       0.94      0.83      0.88        36
       67.0       0.95      0.87      0.91       200
       68.0       0.80      0.67      0.73        24
       69.0       0.75      0.48      0.59        25
       70.0       0.67      0.79      0.72        33
       71.0       0.65      0.74      0.69        23
       72.0       0.63      0.70      0.67        27
       73.0       0.70      0.86      0.78        22
       74.0       0.88      0.92      0.90        25
       75.0       0.84      0.73      0.78        22
       76.0       0.74      0.71      0.72        24
       77.0       0.76      0.79      0.78        24
       78.0       0.86      0.72      0.78        25
       79.0       0.90      0.69      0.78        26
       80.0       0.75      0.69      0.72        26
       81.0       0.88      0.65      0.75        23
       82.0       1.00      0.83      0.90        23
       83.0       0.91      0.94      0.92        31
       84.0       0.85      0.74      0.79        23
       85.0       0.70      0.79      0.75        24
       86.0       0.46      0.59      0.52        22
       87.0       0.92      0.92      0.92        25
       88.0       0.90      0.69      0.78        26
       89.0       0.95      0.87      0.91        45
       90.0       0.91      0.83      0.87        24
       91.0       0.77      0.72      0.74        32
       92.0       0.94      0.94      0.94        34
       93.0       0.70      0.63      0.67        30
       94.0       0.77      0.86      0.81        35
       95.0       0.87      0.93      0.90        28
       96.0       0.80      0.55      0.65        22
       97.0       0.73      0.90      0.81        21
       98.0       0.56      0.42      0.48        24
       99.0       0.88      0.68      0.77        22

avg / total       0.82      0.81      0.81      2863



For 4 fold the results are as follows:
             precision    recall  f1-score   support

        0.0       0.79      0.77      0.78        30
        1.0       0.82      0.79      0.80        42
        2.0       0.86      0.83      0.84        23
        3.0       1.00      0.90      0.95        40
        4.0       0.52      0.48      0.50        29
        5.0       0.79      0.74      0.76        46
        6.0       0.76      0.73      0.74        22
        7.0       0.90      0.79      0.84        24
        8.0       1.00      0.93      0.96        27
        9.0       0.75      0.68      0.71        22
       10.0       0.84      0.70      0.76        23
       11.0       0.95      0.95      0.95        20
       12.0       0.86      0.89      0.88        36
       13.0       0.86      0.83      0.85        30
       14.0       0.83      0.65      0.73        23
       15.0       0.77      0.77      0.77        26
       16.0       0.88      0.96      0.92        23
       17.0       0.50      0.56      0.53        25
       18.0       1.00      0.72      0.84        25
       19.0       0.86      0.84      0.85        64
       20.0       0.81      0.93      0.87        28
       21.0       0.83      0.89      0.86        28
       22.0       0.83      0.86      0.84        22
       23.0       1.00      0.94      0.97        32
       24.0       1.00      0.90      0.95        21
       25.0       0.96      0.90      0.93        29
       26.0       0.92      0.88      0.90        25
       27.0       0.50      0.77      0.61        26
       28.0       0.84      0.76      0.80        21
       29.0       0.96      1.00      0.98        22
       30.0       0.87      0.91      0.89        22
       31.0       0.88      0.62      0.73        24
       32.0       0.83      0.90      0.86        21
       33.0       0.62      0.60      0.61        25
       34.0       0.54      0.68      0.60        28
       35.0       0.78      0.78      0.78        27
       36.0       0.85      0.92      0.88        36
       37.0       1.00      1.00      1.00        20
       38.0       0.92      0.85      0.88        26
       39.0       0.87      0.93      0.90        29
       40.0       0.46      0.46      0.46        24
       41.0       0.74      0.74      0.74        23
       42.0       0.69      0.69      0.69        35
       43.0       0.81      0.85      0.83        26
       44.0       0.76      0.93      0.84        14
       45.0       0.84      0.84      0.84        31
       46.0       0.59      0.59      0.59        27
       47.0       1.00      0.89      0.94        27
       48.0       0.89      0.74      0.81        23
       49.0       0.67      0.78      0.72        23
       50.0       0.96      0.92      0.94        51
       51.0       1.00      0.88      0.94        25
       52.0       0.91      0.88      0.89        24
       53.0       0.74      0.79      0.77        29
       54.0       0.68      0.65      0.67        23
       55.0       0.86      0.93      0.89        27
       56.0       1.00      1.00      1.00        14
       57.0       1.00      0.96      0.98        25
       58.0       0.95      0.82      0.88        22
       59.0       0.84      0.90      0.87        30
       60.0       0.72      0.78      0.75        23
       61.0       0.58      0.70      0.64        20
       62.0       0.50      0.67      0.57        33
       63.0       0.73      0.86      0.79        22
       64.0       0.73      0.73      0.73        26
       65.0       0.89      0.89      0.89        19
       66.0       0.79      0.75      0.77        36
       67.0       0.92      0.88      0.90       200
       68.0       0.83      0.62      0.71        24
       69.0       0.71      0.80      0.75        25
       70.0       0.86      0.76      0.81        33
       71.0       0.95      0.78      0.86        23
       72.0       0.71      0.56      0.63        27
       73.0       0.58      0.82      0.68        22
       74.0       0.89      1.00      0.94        25
       75.0       0.82      0.82      0.82        22
       76.0       0.88      0.88      0.88        24
       77.0       0.86      0.75      0.80        24
       78.0       0.87      0.83      0.85        24
       79.0       0.74      0.77      0.75        26
       80.0       0.64      0.62      0.63        26
       81.0       0.89      0.70      0.78        23
       82.0       0.92      1.00      0.96        23
       83.0       0.88      0.93      0.90        30
       84.0       0.90      0.86      0.88        22
       85.0       0.86      0.75      0.80        24
       86.0       0.42      0.59      0.49        22
       87.0       0.75      0.96      0.84        25
       88.0       0.55      0.81      0.66        26
       89.0       0.83      0.89      0.86        45
       90.0       0.83      0.79      0.81        24
       91.0       0.83      0.78      0.81        32
       92.0       0.94      0.97      0.96        33
       93.0       0.79      0.76      0.77        29
       94.0       0.77      0.77      0.77        35
       95.0       0.74      0.93      0.83        28
       96.0       0.83      0.68      0.75        22
       97.0       0.95      0.95      0.95        21
       98.0       0.81      0.71      0.76        24
       99.0       0.83      0.68      0.75        22

avg / total       0.82      0.81      0.81      2849



For 5 fold the results are as follows:
             precision    recall  f1-score   support

        0.0       0.75      0.70      0.72        30
        1.0       0.77      0.81      0.79        42
        2.0       0.85      1.00      0.92        23
        3.0       0.84      0.93      0.88        40
        4.0       0.69      0.62      0.65        29
        5.0       0.84      0.93      0.89        46
        6.0       0.81      0.77      0.79        22
        7.0       0.81      0.92      0.86        24
        8.0       0.96      1.00      0.98        27
        9.0       0.89      0.77      0.83        22
       10.0       0.77      0.74      0.76        23
       11.0       0.82      0.90      0.86        20
       12.0       0.82      0.89      0.85        36
       13.0       0.96      0.87      0.91        30
       14.0       0.75      0.78      0.77        23
       15.0       0.56      0.73      0.63        26
       16.0       0.87      0.87      0.87        23
       17.0       0.67      0.50      0.57        24
       18.0       0.81      0.84      0.82        25
       19.0       0.89      0.92      0.91        64
       20.0       0.77      0.71      0.74        28
       21.0       0.92      0.79      0.85        28
       22.0       0.80      0.91      0.85        22
       23.0       0.81      0.91      0.85        32
       24.0       0.90      0.86      0.88        21
       25.0       0.81      0.89      0.85        28
       26.0       0.81      0.84      0.82        25
       27.0       0.74      0.77      0.75        26
       28.0       0.88      0.71      0.79        21
       29.0       0.91      0.91      0.91        22
       30.0       0.82      0.82      0.82        22
       31.0       0.64      0.75      0.69        24
       32.0       0.73      0.76      0.74        21
       33.0       0.63      0.68      0.65        25
       34.0       0.39      0.57      0.46        28
       35.0       0.88      0.78      0.82        27
       36.0       0.97      0.92      0.94        36
       37.0       0.90      0.90      0.90        20
       38.0       0.77      0.92      0.84        26
       39.0       0.78      0.89      0.83        28
       40.0       0.73      0.67      0.70        24
       41.0       0.62      0.78      0.69        23
       42.0       0.76      0.83      0.79        35
       43.0       0.95      0.80      0.87        25
       44.0       0.87      0.93      0.90        14
       45.0       0.85      0.73      0.79        30
       46.0       0.81      0.48      0.60        27
       47.0       0.92      0.89      0.91        27
       48.0       0.80      0.87      0.83        23
       49.0       0.62      0.68      0.65        22
       50.0       0.88      0.90      0.89        51
       51.0       0.96      0.96      0.96        25
       52.0       0.96      0.96      0.96        23
       53.0       0.90      0.90      0.90        29
       54.0       0.87      0.91      0.89        22
       55.0       0.89      0.89      0.89        27
       56.0       0.91      0.71      0.80        14
       57.0       1.00      0.83      0.91        24
       58.0       0.88      0.68      0.77        22
       59.0       0.88      0.73      0.80        30
       60.0       0.88      0.96      0.92        23
       61.0       0.58      0.55      0.56        20
       62.0       0.53      0.58      0.55        33
       63.0       0.71      0.77      0.74        22
       64.0       0.65      0.60      0.63        25
       65.0       0.94      0.94      0.94        18
       66.0       0.76      0.81      0.78        36
       67.0       0.92      0.88      0.90       200
       68.0       0.69      0.75      0.72        24
       69.0       0.74      0.80      0.77        25
       70.0       0.76      0.69      0.72        32
       71.0       0.58      0.64      0.61        22
       72.0       0.69      0.74      0.71        27
       73.0       0.71      0.57      0.63        21
       74.0       0.96      0.88      0.92        25
       75.0       0.84      0.73      0.78        22
       76.0       0.92      0.92      0.92        24
       77.0       0.74      0.71      0.72        24
       78.0       0.69      0.92      0.79        24
       79.0       0.75      0.69      0.72        26
       80.0       0.70      0.73      0.72        26
       81.0       0.89      0.74      0.81        23
       82.0       0.95      0.91      0.93        23
       83.0       0.85      0.93      0.89        30
       84.0       0.95      0.91      0.93        22
       85.0       0.90      0.75      0.82        24
       86.0       0.64      0.64      0.64        22
       87.0       0.86      0.75      0.80        24
       88.0       0.71      0.58      0.64        26
       89.0       0.85      0.89      0.87        45
       90.0       0.76      0.79      0.78        24
       91.0       0.71      0.71      0.71        31
       92.0       0.93      0.82      0.87        33
       93.0       0.70      0.72      0.71        29
       94.0       0.85      0.83      0.84        35
       95.0       0.92      0.81      0.86        27
       96.0       0.57      0.59      0.58        22
       97.0       0.95      0.95      0.95        21
       98.0       0.75      0.62      0.68        24
       99.0       0.77      0.91      0.83        22

avg / total       0.81      0.81      0.81      2832



alpha = 0.0001
loss = huber

For 1 fold the results are as follows:
             precision    recall  f1-score   support

        0.0       0.82      0.77      0.79        30
        1.0       0.78      0.84      0.81        43
        2.0       0.95      0.91      0.93        23
        3.0       0.89      1.00      0.94        40
        4.0       0.57      0.69      0.62        29
        5.0       0.72      0.87      0.79        47
        6.0       0.74      0.77      0.76        22
        7.0       0.89      0.71      0.79        24
        8.0       1.00      0.96      0.98        27
        9.0       0.85      0.74      0.79        23
       10.0       0.71      0.83      0.77        24
       11.0       0.95      0.95      0.95        21
       12.0       0.88      0.83      0.86        36
       13.0       0.82      0.93      0.87        30
       14.0       0.89      0.71      0.79        24
       15.0       0.78      0.54      0.64        26
       16.0       0.88      0.96      0.92        23
       17.0       0.64      0.64      0.64        25
       18.0       1.00      0.92      0.96        26
       19.0       0.91      0.80      0.85        65
       20.0       0.96      0.82      0.88        28
       21.0       0.88      0.76      0.81        29
       22.0       0.68      0.74      0.71        23
       23.0       0.97      0.85      0.90        33
       24.0       0.95      0.82      0.88        22
       25.0       0.85      0.79      0.82        29
       26.0       0.89      0.96      0.92        25
       27.0       0.61      0.74      0.67        27
       28.0       0.81      0.81      0.81        21
       29.0       0.95      0.83      0.88        23
       30.0       0.80      0.91      0.85        22
       31.0       0.53      0.67      0.59        24
       32.0       0.90      0.86      0.88        22
       33.0       0.46      0.48      0.47        25
       34.0       0.67      0.83      0.74        29
       35.0       0.72      0.78      0.75        27
       36.0       0.91      0.86      0.89        36
       37.0       0.95      0.90      0.93        21
       38.0       0.89      0.92      0.91        26
       39.0       0.96      0.83      0.89        29
       40.0       0.55      0.68      0.61        25
       41.0       0.74      0.74      0.74        23
       42.0       0.79      0.86      0.83        36
       43.0       0.85      0.88      0.87        26
       44.0       1.00      0.80      0.89        15
       45.0       0.78      0.90      0.84        31
       46.0       0.65      0.79      0.71        28
       47.0       0.87      0.96      0.92        28
       48.0       0.90      0.79      0.84        24
       49.0       0.70      0.83      0.76        23
       50.0       0.91      0.94      0.92        52
       51.0       1.00      0.92      0.96        26
       52.0       0.92      0.96      0.94        24
       53.0       0.79      0.76      0.77        29
       54.0       0.80      0.87      0.83        23
       55.0       1.00      0.86      0.92        28
       56.0       0.92      0.80      0.86        15
       57.0       0.93      1.00      0.96        25
       58.0       1.00      0.78      0.88        23
       59.0       0.86      0.77      0.81        31
       60.0       0.80      0.83      0.82        24
       61.0       0.68      0.75      0.71        20
       62.0       0.62      0.62      0.62        34
       63.0       0.72      0.78      0.75        23
       64.0       0.72      0.81      0.76        26
       65.0       0.94      0.79      0.86        19
       66.0       0.86      0.83      0.85        36
       67.0       0.92      0.88      0.90       200
       68.0       0.82      0.72      0.77        25
       69.0       0.74      0.77      0.75        26
       70.0       0.70      0.79      0.74        33
       71.0       0.82      0.78      0.80        23
       72.0       0.96      0.79      0.86        28
       73.0       0.69      0.82      0.75        22
       74.0       1.00      0.88      0.94        26
       75.0       0.88      0.91      0.89        23
       76.0       0.91      0.84      0.87        25
       77.0       0.70      0.64      0.67        25
       78.0       0.73      0.76      0.75        25
       79.0       0.77      0.63      0.69        27
       80.0       0.75      0.56      0.64        27
       81.0       0.95      0.83      0.89        24
       82.0       0.96      1.00      0.98        24
       83.0       0.93      0.90      0.92        31
       84.0       0.83      0.87      0.85        23
       85.0       0.77      0.80      0.78        25
       86.0       0.44      0.52      0.48        23
       87.0       0.88      0.88      0.88        25
       88.0       0.70      0.70      0.70        27
       89.0       0.91      0.91      0.91        45
       90.0       0.74      0.80      0.77        25
       91.0       0.81      0.94      0.87        32
       92.0       0.91      0.85      0.88        34
       93.0       0.75      0.80      0.77        30
       94.0       0.85      0.78      0.81        36
       95.0       0.89      0.89      0.89        28
       96.0       0.71      0.74      0.72        23
       97.0       0.91      0.91      0.91        22
       98.0       0.58      0.62      0.60        24
       99.0       0.95      0.91      0.93        22

avg / total       0.83      0.82      0.82      2904



For 2 fold the results are as follows:
             precision    recall  f1-score   support

        0.0       0.67      0.60      0.63        30
        1.0       0.85      0.81      0.83        42
        2.0       0.95      0.91      0.93        23
        3.0       0.69      0.78      0.73        40
        4.0       0.64      0.62      0.63        29
        5.0       0.79      0.74      0.76        46
        6.0       0.88      0.64      0.74        22
        7.0       0.81      0.71      0.76        24
        8.0       1.00      0.93      0.96        27
        9.0       0.72      0.91      0.81        23
       10.0       0.71      0.74      0.72        23
       11.0       0.83      0.95      0.89        21
       12.0       0.85      0.81      0.83        36
       13.0       0.96      0.87      0.91        30
       14.0       0.74      0.83      0.78        24
       15.0       0.71      0.77      0.74        26
       16.0       0.91      0.87      0.89        23
       17.0       0.62      0.60      0.61        25
       18.0       0.86      0.76      0.81        25
       19.0       0.87      0.95      0.91        65
       20.0       0.85      0.82      0.84        28
       21.0       0.91      0.75      0.82        28
       22.0       0.85      0.77      0.81        22
       23.0       0.87      0.84      0.86        32
       24.0       1.00      0.86      0.92        21
       25.0       0.83      0.86      0.85        29
       26.0       0.81      0.84      0.82        25
       27.0       0.53      0.65      0.59        26
       28.0       0.73      0.76      0.74        21
       29.0       0.90      0.83      0.86        23
       30.0       0.86      0.82      0.84        22
       31.0       0.61      0.71      0.65        24
       32.0       0.89      0.73      0.80        22
       33.0       0.53      0.68      0.60        25
       34.0       0.54      0.54      0.54        28
       35.0       0.78      0.78      0.78        27
       36.0       0.89      0.92      0.90        36
       37.0       0.90      0.90      0.90        21
       38.0       0.83      0.77      0.80        26
       39.0       0.90      0.93      0.92        29
       40.0       0.62      0.75      0.68        24
       41.0       0.77      0.74      0.76        23
       42.0       0.82      0.89      0.85        36
       43.0       0.90      0.73      0.81        26
       44.0       0.82      1.00      0.90        14
       45.0       0.73      0.71      0.72        31
       46.0       0.63      0.68      0.66        28
       47.0       0.93      0.93      0.93        28
       48.0       0.75      0.75      0.75        24
       49.0       0.79      0.83      0.81        23
       50.0       0.90      0.85      0.87        52
       51.0       0.80      0.92      0.86        26
       52.0       0.92      0.92      0.92        24
       53.0       0.80      0.83      0.81        29
       54.0       0.70      0.83      0.76        23
       55.0       0.87      0.93      0.90        28
       56.0       0.81      0.93      0.87        14
       57.0       0.96      0.92      0.94        25
       58.0       0.82      0.82      0.82        22
       59.0       0.92      0.77      0.84        31
       60.0       0.83      0.83      0.83        24
       61.0       0.60      0.75      0.67        20
       62.0       0.60      0.76      0.67        33
       63.0       0.67      0.78      0.72        23
       64.0       0.73      0.62      0.67        26
       65.0       0.90      0.95      0.92        19
       66.0       0.70      0.83      0.76        36
       67.0       0.94      0.86      0.90       200
       68.0       0.69      0.80      0.74        25
       69.0       0.88      0.60      0.71        25
       70.0       0.78      0.64      0.70        33
       71.0       0.61      0.74      0.67        23
       72.0       0.59      0.70      0.64        27
       73.0       0.65      0.77      0.71        22
       74.0       0.91      0.80      0.85        25
       75.0       1.00      0.65      0.79        23
       76.0       0.88      0.88      0.88        24
       77.0       0.72      0.72      0.72        25
       78.0       0.77      0.80      0.78        25
       79.0       0.70      0.78      0.74        27
       80.0       0.70      0.73      0.72        26
       81.0       0.86      0.79      0.83        24
       82.0       1.00      0.92      0.96        24
       83.0       0.90      0.87      0.89        31
       84.0       0.90      0.83      0.86        23
       85.0       0.73      0.64      0.68        25
       86.0       0.55      0.48      0.51        23
       87.0       0.81      0.84      0.82        25
       88.0       0.64      0.78      0.70        27
       89.0       0.96      0.96      0.96        45
       90.0       0.91      0.80      0.85        25
       91.0       0.78      0.78      0.78        32
       92.0       0.97      0.94      0.96        34
       93.0       0.79      0.77      0.78        30
       94.0       0.73      0.83      0.78        36
       95.0       0.89      0.89      0.89        28
       96.0       0.78      0.61      0.68        23
       97.0       0.95      0.95      0.95        22
       98.0       0.58      0.62      0.60        24
       99.0       0.80      0.73      0.76        22

avg / total       0.81      0.80      0.80      2884



For 3 fold the results are as follows:
             precision    recall  f1-score   support

        0.0       0.88      0.77      0.82        30
        1.0       0.93      0.88      0.90        42
        2.0       0.84      0.91      0.87        23
        3.0       0.97      0.82      0.89        40
        4.0       0.47      0.59      0.52        29
        5.0       0.76      0.89      0.82        46
        6.0       0.79      0.86      0.83        22
        7.0       0.85      0.92      0.88        24
        8.0       0.93      0.96      0.95        27
        9.0       0.82      0.64      0.72        22
       10.0       0.76      0.70      0.73        23
       11.0       0.88      1.00      0.93        21
       12.0       0.97      0.83      0.90        36
       13.0       0.96      0.90      0.93        30
       14.0       0.84      0.88      0.86        24
       15.0       0.72      0.81      0.76        26
       16.0       0.81      0.74      0.77        23
       17.0       0.63      0.68      0.65        25
       18.0       0.85      0.88      0.86        25
       19.0       0.92      0.84      0.88        64
       20.0       0.78      0.89      0.83        28
       21.0       0.79      0.82      0.81        28
       22.0       0.89      0.77      0.83        22
       23.0       0.94      0.94      0.94        32
       24.0       1.00      0.95      0.98        21
       25.0       0.88      0.76      0.81        29
       26.0       0.85      0.88      0.86        25
       27.0       0.61      0.54      0.57        26
       28.0       0.87      0.62      0.72        21
       29.0       0.95      0.91      0.93        23
       30.0       0.85      0.77      0.81        22
       31.0       0.54      0.79      0.64        24
       32.0       0.79      0.68      0.73        22
       33.0       0.68      0.68      0.68        25
       34.0       0.49      0.68      0.57        28
       35.0       0.80      0.74      0.77        27
       36.0       0.85      0.94      0.89        36
       37.0       0.95      0.95      0.95        20
       38.0       0.83      0.92      0.87        26
       39.0       0.81      0.86      0.83        29
       40.0       0.65      0.62      0.64        24
       41.0       0.80      0.87      0.83        23
       42.0       0.81      0.83      0.82        36
       43.0       1.00      0.81      0.89        26
       44.0       0.92      0.86      0.89        14
       45.0       0.84      0.84      0.84        31
       46.0       0.71      0.63      0.67        27
       47.0       0.92      0.82      0.87        28
       48.0       0.91      0.88      0.89        24
       49.0       0.84      0.70      0.76        23
       50.0       0.87      0.88      0.87        51
       51.0       0.64      0.84      0.72        25
       52.0       0.92      0.92      0.92        24
       53.0       0.83      0.86      0.85        29
       54.0       0.85      0.74      0.79        23
       55.0       1.00      0.93      0.96        27
       56.0       0.81      0.93      0.87        14
       57.0       1.00      0.96      0.98        25
       58.0       0.83      0.91      0.87        22
       59.0       0.83      0.81      0.82        31
       60.0       0.90      0.83      0.86        23
       61.0       0.71      0.75      0.73        20
       62.0       0.63      0.79      0.70        33
       63.0       0.68      0.74      0.71        23
       64.0       0.72      0.69      0.71        26
       65.0       0.95      0.95      0.95        19
       66.0       0.91      0.83      0.87        36
       67.0       0.93      0.91      0.92       200
       68.0       0.81      0.54      0.65        24
       69.0       0.63      0.76      0.69        25
       70.0       0.82      0.85      0.84        33
       71.0       0.73      0.83      0.78        23
       72.0       0.78      0.78      0.78        27
       73.0       0.58      0.68      0.62        22
       74.0       1.00      0.96      0.98        25
       75.0       0.91      0.95      0.93        22
       76.0       0.78      0.75      0.77        24
       77.0       0.79      0.62      0.70        24
       78.0       0.88      0.84      0.86        25
       79.0       0.76      0.73      0.75        26
       80.0       0.72      0.81      0.76        26
       81.0       0.90      0.83      0.86        23
       82.0       0.88      0.96      0.92        23
       83.0       0.91      0.94      0.92        31
       84.0       0.83      0.83      0.83        23
       85.0       0.70      0.79      0.75        24
       86.0       0.46      0.55      0.50        22
       87.0       0.85      0.92      0.88        25
       88.0       0.77      0.65      0.71        26
       89.0       0.95      0.91      0.93        45
       90.0       0.85      0.92      0.88        24
       91.0       0.88      0.69      0.77        32
       92.0       0.86      0.94      0.90        34
       93.0       0.73      0.73      0.73        30
       94.0       0.88      0.86      0.87        35
       95.0       0.92      0.86      0.89        28
       96.0       0.83      0.68      0.75        22
       97.0       0.87      0.95      0.91        21
       98.0       0.77      0.71      0.74        24
       99.0       0.75      0.82      0.78        22

avg / total       0.83      0.82      0.82      2863



For 4 fold the results are as follows:
             precision    recall  f1-score   support

        0.0       0.79      0.73      0.76        30
        1.0       0.90      0.83      0.86        42
        2.0       0.95      0.87      0.91        23
        3.0       0.97      0.90      0.94        40
        4.0       0.52      0.52      0.52        29
        5.0       0.84      0.91      0.87        46
        6.0       0.86      0.82      0.84        22
        7.0       0.88      0.88      0.88        24
        8.0       1.00      0.93      0.96        27
        9.0       0.78      0.82      0.80        22
       10.0       0.76      0.70      0.73        23
       11.0       0.94      0.80      0.86        20
       12.0       0.81      0.81      0.81        36
       13.0       0.87      0.87      0.87        30
       14.0       0.89      0.70      0.78        23
       15.0       0.68      0.65      0.67        26
       16.0       0.77      0.87      0.82        23
       17.0       0.65      0.80      0.71        25
       18.0       0.86      1.00      0.93        25
       19.0       0.89      0.92      0.91        64
       20.0       0.95      0.64      0.77        28
       21.0       0.87      0.93      0.90        28
       22.0       0.76      0.86      0.81        22
       23.0       1.00      0.91      0.95        32
       24.0       0.95      0.95      0.95        21
       25.0       0.89      0.86      0.88        29
       26.0       0.81      0.84      0.82        25
       27.0       0.79      0.58      0.67        26
       28.0       0.68      0.62      0.65        21
       29.0       0.95      0.91      0.93        22
       30.0       0.88      0.95      0.91        22
       31.0       0.60      0.50      0.55        24
       32.0       0.70      0.76      0.73        21
       33.0       0.70      0.84      0.76        25
       34.0       0.52      0.57      0.54        28
       35.0       0.67      0.89      0.76        27
       36.0       0.94      0.81      0.87        36
       37.0       0.95      1.00      0.98        20
       38.0       0.84      0.81      0.82        26
       39.0       0.96      0.79      0.87        29
       40.0       0.86      0.75      0.80        24
       41.0       0.81      0.91      0.86        23
       42.0       0.93      0.71      0.81        35
       43.0       1.00      0.73      0.84        26
       44.0       0.93      1.00      0.97        14
       45.0       0.65      0.71      0.68        31
       46.0       0.47      0.59      0.52        27
       47.0       0.92      0.85      0.88        27
       48.0       0.79      0.83      0.81        23
       49.0       0.61      0.61      0.61        23
       50.0       0.82      0.90      0.86        51
       51.0       0.85      0.92      0.88        25
       52.0       0.95      0.83      0.89        24
       53.0       0.79      0.90      0.84        29
       54.0       0.94      0.70      0.80        23
       55.0       0.79      1.00      0.89        27
       56.0       0.85      0.79      0.81        14
       57.0       0.95      0.80      0.87        25
       58.0       0.73      1.00      0.85        22
       59.0       0.90      0.87      0.88        30
       60.0       0.83      0.87      0.85        23
       61.0       0.77      0.50      0.61        20
       62.0       0.65      0.73      0.69        33
       63.0       0.73      0.73      0.73        22
       64.0       0.88      0.81      0.84        26
       65.0       0.90      0.95      0.92        19
       66.0       0.71      0.81      0.75        36
       67.0       0.89      0.89      0.89       200
       68.0       0.64      0.75      0.69        24
       69.0       0.82      0.72      0.77        25
       70.0       0.71      0.82      0.76        33
       71.0       0.90      0.83      0.86        23
       72.0       0.65      0.56      0.60        27
       73.0       0.57      0.73      0.64        22
       74.0       0.85      0.92      0.88        25
       75.0       0.82      0.82      0.82        22
       76.0       0.79      0.79      0.79        24
       77.0       0.61      0.79      0.69        24
       78.0       0.79      0.79      0.79        24
       79.0       0.69      0.77      0.73        26
       80.0       0.75      0.69      0.72        26
       81.0       0.90      0.78      0.84        23
       82.0       0.87      0.87      0.87        23
       83.0       0.90      0.93      0.92        30
       84.0       0.91      0.91      0.91        22
       85.0       0.80      0.83      0.82        24
       86.0       0.69      0.82      0.75        22
       87.0       0.88      0.88      0.88        25
       88.0       0.70      0.62      0.65        26
       89.0       0.91      0.91      0.91        45
       90.0       0.76      0.79      0.78        24
       91.0       0.71      0.75      0.73        32
       92.0       0.91      0.97      0.94        33
       93.0       0.84      0.72      0.78        29
       94.0       0.93      0.74      0.83        35
       95.0       0.90      0.93      0.91        28
       96.0       0.70      0.73      0.71        22
       97.0       0.95      0.86      0.90        21
       98.0       0.68      0.62      0.65        24
       99.0       0.79      0.68      0.73        22

avg / total       0.82      0.81      0.81      2849



For 5 fold the results are as follows:
             precision    recall  f1-score   support

        0.0       0.57      0.77      0.66        30
        1.0       0.86      0.88      0.87        42
        2.0       0.78      0.78      0.78        23
        3.0       0.97      0.95      0.96        40
        4.0       0.53      0.59      0.56        29
        5.0       0.82      0.89      0.85        46
        6.0       0.70      0.64      0.67        22
        7.0       0.91      0.88      0.89        24
        8.0       0.96      1.00      0.98        27
        9.0       0.65      0.77      0.71        22
       10.0       0.80      0.70      0.74        23
       11.0       0.76      0.80      0.78        20
       12.0       0.89      0.92      0.90        36
       13.0       0.87      0.90      0.89        30
       14.0       0.88      0.91      0.89        23
       15.0       0.71      0.65      0.68        26
       16.0       0.82      0.78      0.80        23
       17.0       0.58      0.62      0.60        24
       18.0       0.81      0.88      0.85        25
       19.0       0.86      0.95      0.90        64
       20.0       0.74      0.82      0.78        28
       21.0       0.80      0.86      0.83        28
       22.0       0.86      0.82      0.84        22
       23.0       0.97      0.94      0.95        32
       24.0       1.00      0.76      0.86        21
       25.0       0.89      0.86      0.87        28
       26.0       0.92      0.88      0.90        25
       27.0       0.66      0.81      0.72        26
       28.0       0.81      0.81      0.81        21
       29.0       0.83      0.86      0.84        22
       30.0       0.71      0.77      0.74        22
       31.0       0.49      0.75      0.59        24
       32.0       0.74      0.81      0.77        21
       33.0       0.70      0.56      0.62        25
       34.0       0.50      0.61      0.55        28
       35.0       0.68      0.85      0.75        27
       36.0       0.95      0.97      0.96        36
       37.0       1.00      1.00      1.00        20
       38.0       0.95      0.77      0.85        26
       39.0       0.89      0.89      0.89        28
       40.0       0.69      0.46      0.55        24
       41.0       0.76      0.83      0.79        23
       42.0       0.83      0.83      0.83        35
       43.0       1.00      0.76      0.86        25
       44.0       0.88      1.00      0.93        14
       45.0       0.86      0.83      0.85        30
       46.0       0.71      0.44      0.55        27
       47.0       0.93      0.96      0.95        27
       48.0       0.83      0.87      0.85        23
       49.0       0.62      0.68      0.65        22
       50.0       0.94      0.88      0.91        51
       51.0       0.92      0.92      0.92        25
       52.0       0.96      0.96      0.96        23
       53.0       0.96      0.86      0.91        29
       54.0       0.76      0.86      0.81        22
       55.0       0.96      0.89      0.92        27
       56.0       0.93      0.93      0.93        14
       57.0       0.92      0.96      0.94        24
       58.0       0.86      0.86      0.86        22
       59.0       0.88      0.93      0.90        30
       60.0       0.90      0.83      0.86        23
       61.0       0.82      0.70      0.76        20
       62.0       0.47      0.45      0.46        33
       63.0       0.62      0.59      0.60        22
       64.0       0.86      0.72      0.78        25
       65.0       1.00      0.89      0.94        18
       66.0       0.73      0.75      0.74        36
       67.0       0.94      0.88      0.91       200
       68.0       0.82      0.75      0.78        24
       69.0       0.72      0.84      0.78        25
       70.0       0.69      0.78      0.74        32
       71.0       0.73      0.73      0.73        22
       72.0       0.60      0.56      0.58        27
       73.0       0.47      0.71      0.57        21
       74.0       0.85      0.92      0.88        25
       75.0       0.89      0.73      0.80        22
       76.0       0.80      0.67      0.73        24
       77.0       0.84      0.67      0.74        24
       78.0       0.73      0.92      0.81        24
       79.0       0.76      0.73      0.75        26
       80.0       0.68      0.73      0.70        26
       81.0       0.79      0.83      0.81        23
       82.0       0.95      0.91      0.93        23
       83.0       0.93      0.93      0.93        30
       84.0       1.00      0.86      0.93        22
       85.0       0.80      0.83      0.82        24
       86.0       0.60      0.68      0.64        22
       87.0       0.89      1.00      0.94        24
       88.0       0.71      0.85      0.77        26
       89.0       0.85      0.78      0.81        45
       90.0       0.75      0.75      0.75        24
       91.0       0.75      0.58      0.65        31
       92.0       0.91      0.88      0.89        33
       93.0       0.83      0.69      0.75        29
       94.0       0.89      0.89      0.89        35
       95.0       0.92      0.85      0.88        27
       96.0       0.72      0.82      0.77        22
       97.0       0.85      0.81      0.83        21
       98.0       0.92      0.50      0.65        24
       99.0       0.76      0.73      0.74        22

avg / total       0.82      0.81      0.81      2832
